31.95048252113469
25.276251480171837
23.27373340628157
56.21140651346684
43.3813836160679
40.8248290463863
94.46486707295529
80.75167696917094
93.61564446655746
74.62871059079372
90.82951062292474
84.69717298181276
88.50612031567836
73.17217139505064
55.52777082985894
66.35343079131461
60.03471218109292
57.55432216610669
32.38226537954241
32.38226537954241
56.825757070774394
45.94682917363407
39.528470752104745
49.23018495913976
52.44044240850758
35.84302194601094
34.35921354681384
29.226129861250307
23.570226039551585
23.124061542519346
29.46278254943948
28.382310609877333
20.749832663314553
20.91650066335189
24.008100484813223
32.80836614171588
41.998677227847175
38.36954811073779
45.56741038164105
13.944333775567927
28.746980517767234
17.07825127659933
20.24159633581853
47.14045207910317
38.9978631893253
39.26406329796582
34.25800798515744
36.987235035286915
44.79893351905204
29.8142396999972
47.066737488143126
52.241426728858265
48.08846015417836
47.871355387816905
39.44053188733077
30.618621784789728
51.50512380120814
36.70452590924207
43.06003560921272
42.08127057650866
22.04792759220492
28.625940062196115
46.097722286464446
38.908725099762506
15.138251770487457
15.811388300841896
39.528470752104745
44.09585518440984
50.89477161534156
44.409708648247424
37.638632635454044
26.74467755980202
34.35921354681384
24.1522945769824
22.360679774997898
20.91650066335189
19.54339899926429
51.774081890030224
43.62084109434134
30.276503540974915
28.13657169355689
16.457014715109583
43.3813836160679
63.90096504226938
60.438214548229155
53.09844107357997
63.08063622591854
45.94682917363407
56.45794895318107
58.570944636018595
52.90190082701292
52.50661334007788
53.94184110894086
46.84489774185066
65.08541396588879
62.915286960589576
54.581742979376045
53.22906474223771
57.49396103553447
47.798767998999956
68.31300510639733
64.81812160876686
51.774081890030224
41.16363011742823
65.03204338375556
55.65269285688
58.034951154933836
53.48935511960404
64.9786289653931
58.68938953886337
61.57651067303722
59.570220002205055
68.26215805424131
69.5221787153807
59.97684738482193
44.09585518440984
55.339859052946636
36.03624718406609
49.72144630058766
46.770717334674266
28.504385627478452
28.746980517767234
25.13850521499726
45.64354645876384
50.34602488997738
50.48377076953653
26.352313834736496
25.41325113662818
23.863035105460586
24.1522945769824
17.480147469502526
18.257418583505537
26.614532371118855
44.95367986420393
53.74838498865701
51.774081890030224
59.97684738482193
54.581742979376045
55.27707983925666
43.2210082662998
41.247895569215274
35.64874939367906
36.03624718406609
44.09585518440984
46.91896086753082
49.23018495913976
49.44132324730442
46.172983923983566
46.54746681256314
52.83622494715786
51.43766454003654
47.14045207910317
56.14960175974338
60.20797289396148
59.6284793999944
63.025568003963464
67.3918887305191
62.52777160768023
57.97509043642029
64.06377031260857
57.79513628133234
55.214229244924816
56.27314338711378
61.18051614325884
57.06964556087978
64.06377031260857
64.76453075908482
71.92781875680029
69.9702317656111
64.60349147771434
69.17168656482379
74.67522272406617
66.97843765803371
57.008771254956905
69.17168656482379
68.51601597031488
73.31439149307592
75.18495712426642
69.02093080282884
70.4154339142587
70.26734661277598
66.30108093638695
74.16198487095663
70.31674369909662
74.67522272406617
80.14743359029727
69.9205898780101
75.64537145273479
69.9205898780101
75.04628201612951
74.86098227158568
79.27623996016852
77.28015412913086
70.85783889827105
79.27623996016852
74.44237144709098
69.9205898780101
73.97447007057383
76.64854858377946
75.64537145273479
83.08295720409679
82.11611020716674
75.18495712426642
79.7130269571208
79.40752833047729
78.74889769951633
76.1030003788725
78.92506995034383
78.66066361276137
74.30231041719586
74.9536894058962
84.40971508067067
78.70479302078395
81.90441583537077
74.25556469981821
80.27729719194863
80.96638534327413
76.9198717280955
82.95748576496544
76.64854858377946
82.83182426526118
76.42171012073582
83.54140689901426
80.27729719194863
81.98915917499228
80.06074082983633
83.0411544556874
81.81958472422384
81.69217288768313
83.49983366583565
75.73711845001175
79.27623996016852
79.49493345141214
87.04245452012994
82.0314980154981
78.48389785314069
80.01735922771869
72.79155933974153
71.87952884282609
76.33078598369659
77.0551750371122
72.31297716638879
72.69609495854796
79.40752833047729
71.29749878735812
69.02093080282884
76.0116950066092
72.6483157256779
74.9536894058962
74.20878953631062
70.31674369909662
67.95627679291704
74.48899993362183
78.04023178962105
72.6483157256779
64.81812160876686
73.40905181848414
75.69125885243729
70.66155641900025
65.72248051043451
68.31300510639733
63.30043004944314
61.29391849477764
69.42221866552843
70.51398600435394
73.645170317619
75.73711845001175
78.88106377466154
74.62871059079372
61.63287362366866
75.32337692317778
64.33419688539594
60.724789007455605
68.81940940687527
67.70032003863301
71.92781875680029
74.02139330400819
67.3918887305191
69.37218462755803
66.77075208003377
70.61240054771619
66.97843765803371
69.3221144769514
62.63873490988712
70.51398600435394
65.40472290116195
73.40905181848414
72.83924461137387
63.41004126582267
59.39509893735154
61.913918736689034
53.94184110894086
56.08772890154613
53.35936864527374
48.591265790377506
51.90803834132479
58.392826804516176
50.621141828291464
60.839040828146594
53.68374469468803
69.2218655243173
55.0883129367947
57.06964556087978
53.29425651773161
59.336610396393
53.81294763654313
47.066737488143126
51.63977794943223
53.29425651773161
51.90803834132479
49.651563699220766
54.13460589637239
53.48935511960404
53.16379302578861
48.160610922666294
48.37641757899998
50.34602488997738
51.16693811002917
51.50512380120814
50.689687752485156
53.42440141608202
45.871196481742956
42.979323194092096
54.390562906935735
51.774081890030224
50.27701042999452
48.37641757899998
48.3045891539648
48.80516821448774
46.696419087073
52.96749527356901
43.62084109434134
51.70697352496191
45.41475531146237
50.89477161534156
47.14045207910317
56.21140651346684
55.46520430764579
54.13460589637239
55.339859052946636
52.30784942158405
52.04164998665332
53.81294763654313
52.04164998665332
46.02233757161358
48.519755426698794
39.87828704668466
54.581742979376045
51.974887098375575
41.499665326629106
47.58034141206733
49.581582602145055
46.992907266238944
44.17452760232858
54.581742979376045
48.87626099538394
50.20790110464023
47.066737488143126
51.90803834132479
48.016200969626446
49.72144630058766
46.91896086753082
49.01813723284248
46.696419087073
46.62200243566455
45.33823502911814
50.34602488997738
55.02524673073059
47.21405158071765
48.23265376162594
49.159604012508744
49.651563699220766
47.066737488143126
41.91592113319764
46.097722286464446
49.791230820965524
44.95367986420393
45.71955574781734
53.16379302578861
47.434164902525694
54.198708471696996
43.54116825871044
45.03085362035432
40.48319267163706
43.140597018482616
47.72607021092117
45.1848057057532
37.26779962499649
43.2210082662998
44.721359549995796
52.96749527356901
47.14045207910317
44.64365078659625
51.974887098375575
51.37011669140813
54.13460589637239
50.0
48.160610922666294
39.87828704668466
41.66666666666667
46.172983923983566
43.2210082662998
42.16370213557839
49.791230820965524
45.10789534241453
43.54116825871044
38.09709816887487
37.822685726367396
35.74601764921203
40.56887148212695
44.95367986420393
34.86083443891982
40.397332145136076
37.36085295243316
34.15650255319866
43.93808775488022
40.65436972550156
37.822685726367396
45.56741038164105
43.77975178854566
38.81938232950705
39.26406329796582
40.397332145136076
43.77975178854566
40.48319267163706
43.3813836160679
45.94682917363407
40.311288741492746
46.47281164532895
35.15837184954831
46.02233757161358
48.37641757899998
44.409708648247424
48.08846015417836
42.08127057650866
47.871355387816905
50.20790110464023
33.124344857252986
51.43766454003654
36.03624718406609
46.62200243566455
51.63977794943223
50.82650227325636
50.82650227325636
48.37641757899998
41.66666666666667
49.791230820965524
63.245553203367585
46.696419087073
61.96997480859402
58.63019699779287
60.49563804293846
36.132472314464664
59.86094998689323
57.433536467042586
53.35936864527374
58.21416398857661
52.90190082701292
56.21140651346684
57.67485490999425
60.438214548229155
58.09475019311125
61.40711142313513
64.17207769392819
59.97684738482193
57.008771254956905
58.63019699779287
70.66155641900025
65.13874081954269
66.97843765803371
57.13045500334203
66.14378277661477
66.82273398909818
44.721359549995796
65.35161308899218
68.31300510639733
49.088921583410475
63.955279514499644
51.50512380120814
57.433536467042586
32.27486121839514
57.91516784631351
42.24597285212192
37.45367509040705
57.25188012439223
36.2284418654736
42.73627134986028
36.51483716701107
39.79112128771107
60.839040828146594
57.25188012439223
51.50512380120814
36.79900360969937
35.939764421413045
37.45367509040705
39.44053188733077
49.44132324730442
41.16363011742823
38.18813079129866
52.241426728858265
36.51483716701107
38.36954811073779
41.331989225457484
42.41003549999824
37.822685726367396
54.390562906935735
59.91892670749183
61.18051614325884
60.150274775395296
47.507309379130746
56.70341945401333
63.190628700429585
32.70236145058097
57.008771254956905
43.30127018922194
42.573465914816005
48.448139512495445
47.434164902525694
59.336610396393
54.13460589637239
55.15130702591432
44.331453594234624
46.54746681256314
50.48377076953653
41.247895569215274
40.65436972550156
47.28753653037036
54.13460589637239
51.63977794943223
54.326686710022074
50.20790110464023
48.37641757899998
58.68938953886337
62.08193510729725
72.16878364870323
65.29846008053244
58.9844612306213
64.11794687223782
63.13565641625271
52.572700985291675
74.25556469981821
65.56379420923648
65.56379420923648
43.700368673756316
52.17491947499509
53.81294763654313
68.86984503798129
71.49203529842406
58.86661004149787
65.13874081954269
51.234753829797995
57.37304826019501
64.60349147771434
55.339859052946636
49.93050726315081
52.638705657845854
50.689687752485156
57.312496213498
62.19369385681763
48.519755426698794
53.42440141608202
53.09844107357997
44.64365078659625
37.17451337199244
49.51150259170982
52.50661334007788
55.40256712864887
55.40256712864887
46.992907266238944
51.63977794943223
47.653261518319326
45.491146879853936
62.41661103691335
46.47281164532895
52.70462766947299
57.79513628133234
57.79513628133234
60.724789007455605
50.55250296034367
50.621141828291464
64.49590856963115
51.37011669140813
61.520096084305834
64.60349147771434
62.74950199005567
54.89889697333534
59.570220002205055
49.86091767217197
52.83622494715786
48.87626099538394
52.30784942158405
53.554230043532094
60.61032181989393
52.572700985291675
47.507309379130746
52.90190082701292
48.87626099538394
57.06964556087978
61.85781186631879
58.392826804516176
58.92556509887896
63.955279514499644
64.92517060260819
57.06964556087978
62.583277851728624
61.85781186631879
52.77046732995855
58.21416398857661
66.61456297237113
65.40472290116195
45.64354645876384
65.19202405202648
58.392826804516176
59.278064145929136
48.448139512495445
63.51946333386501
44.017042154147525
45.10789534241453
69.2218655243173
46.84489774185066
68.46531968814577
63.62869722940358
60.55300708194983
44.79893351905204
49.44132324730442
50.55250296034367
43.77975178854566
53.09844107357997
58.034951154933836
64.00954789890505
57.735026918962575
69.2218655243173
58.86661004149787
56.27314338711378
60.95307849303248
56.14960175974338
49.01813723284248
59.97684738482193
66.87467549246294
59.6284793999944
51.50512380120814
48.448139512495445
52.37418787490223
42.65494630689909
48.08846015417836
53.74838498865701
57.67485490999425
63.79219736334879
64.44204976393735
65.29846008053244
57.85518319236594
64.65721580423607
59.91892670749183
64.76453075908482
56.825757070774394
62.804812271389245
62.36095644623235
70.95577652469335
72.07249436813218
64.44204976393735
69.42221866552843
52.241426728858265
52.108327336211616
62.86007388548703
55.963777967936046
55.7150488348226
63.90096504226938
51.43766454003654
65.08541396588879
65.77529086890371
71.05357915764068
47.943832878808415
45.33823502911814
56.27314338711378
55.40256712864887
69.3221144769514
55.214229244924816
50.0
64.38814590693953
56.6421515598881
65.13874081954269
57.37304826019501
54.13460589637239
62.74950199005567
49.86091767217197
59.97684738482193
49.651563699220766
60.49563804293846
57.25188012439223
60.89608635481704
55.214229244924816
65.29846008053244
57.67485490999425
47.72607021092117
49.088921583410475
58.68938953886337
58.15448774122635
66.82273398909818
63.30043004944314
43.93808775488022
32.59601202601324
56.08772890154613
63.79219736334879
68.76893678592585
52.90190082701292
61.06690320187087
57.37304826019501
61.96997480859402
41.247895569215274
57.312496213498
62.915286960589576
51.57249482255267
44.64365078659625
52.638705657845854
54.390562906935735
34.76108935769035
64.44204976393735
54.51809077932042
60.03471218109292
33.43733774623147
33.74742788552764
25.954019170662395
37.36085295243316
42.41003549999824
27.888667551135853
27.888667551135853
48.87626099538394
43.3813836160679
42.89845892077917
41.07919181288746
32.70236145058097
36.419622305686936
46.770717334674266