86.28119403696523
71.63759100112485
65.03204338375556
79.36378967206083
70.66155641900025
65.61673228343176
62.915286960589576
68.92024376045111
67.28876412728782
52.70462766947299
48.591265790377506
45.1848057057532
57.79513628133234
57.06964556087978
60.61032181989393
53.94184110894086
60.150274775395296
63.30043004944314
65.77529086890371
64.33419688539594
73.645170317619
68.76893678592585
71.39483330201298
65.88078458684123
63.62869722940358
64.92517060260819
68.71842709362768
71.87952884282609
72.31297716638879
70.51398600435394
70.5632104333885
69.6219952473514
72.69609495854796
71.83120646503318
76.0116950066092
72.16878364870323
79.40752833047729
71.58910531638178
71.58910531638178
72.98211348603772
75.41551564499179
76.96499926012544
73.92751705405625
77.81745019952501
80.62257748298549
76.19419633774974
75.13876052566567
81.4367511903836
80.53639618899714
77.28015412913086
77.86205751198719
76.1030003788725
75.32337692317778
80.23403267940607
78.66066361276137
79.45124291035351
77.95119555779046
80.62257748298549
81.26602406089933
79.36378967206083
77.41482774995728
77.9957263786506
74.06828681096323
79.62586123727502
76.14861201040445
77.41482774995728
78.70479302078395
78.70479302078395
80.40695105385963
79.88707307471245
78.1291665555615
78.08471183414986
82.53787009609589
82.57992761224996
79.88707307471245
79.45124291035351
84.1212748886326
83.37498958853841
82.87373260301213
80.10409893798611
85.75643804791957
78.08471183414986
80.62257748298549
82.53787009609589
80.57949835755714
82.57992761224996
75.9202798262025
81.52198067597067
80.06074082983633
82.32726023485645
79.8000974658274
81.30873945100312
78.66066361276137
78.26237921249265
82.83182426526118
72.6483157256779
77.86205751198719
81.56456202161438
82.66397845091497
78.48389785314069
82.45369070642691
81.00925873009825
77.9957263786506
77.68347457614279
82.70597183866336
78.08471183414986
81.18052585305037
80.96638534327413
80.92348924206809
81.81958472422384
86.92269873603531
82.83182426526118
86.80277773333191
82.78989471346529
82.53787009609589
83.37498958853841
76.14861201040445
84.73815879257441
79.40752833047729
85.55375178473733
79.58224257542214
80.10409893798611
81.90441583537077
83.74896350934074
86.12007121842544
79.88707307471245
82.0314980154981
81.30873945100312
83.58295945413222
83.24995829161452
80.92348924206809
84.49194570424385
80.88057039033953
77.9957263786506
81.73466556826153
80.40695105385963
81.77713616898062
79.01300877422374
77.9957263786506
81.98915917499228
81.00925873009825
84.94279120548005
79.23242882669808
77.0551750371122
82.95748576496544
84.32740427115678
83.37498958853841
84.61514180229341
82.66397845091497
84.40971508067067
80.75167696917094
82.49579113843055
84.1212748886326
82.0314980154981
78.92506995034383
80.10409893798611
83.79041313499614
85.71593913749194
83.91463916782736
81.18052585305037
78.8370330351021
80.75167696917094
82.41156876717412
84.94279120548005
83.08295720409679
78.74889769951633
78.48389785314069
82.15838362577492
80.66563360220042
83.79041313499614
81.26602406089933
83.91463916782736
79.45124291035351
83.58295945413222
87.16204576661922
76.0573613940309
80.66563360220042
82.74794391537607
84.90190417966686
80.88057039033953
82.87373260301213
80.53639618899714
81.4367511903836
84.73815879257441
86.52231568278273
80.23403267940607
80.49327094028834
81.1377429642539
80.49327094028834
79.7130269571208
79.75657409336932
83.08295720409679
81.77713616898062
83.79041313499614
83.49983366583565
78.21800020171543
77.01010034765282
84.1212748886326
81.60712114896728
84.0799883708629
79.7130269571208
87.83665395367572
81.77713616898062
82.87373260301213
83.74896350934074
80.75167696917094
86.28119403696523
80.79466429027215
78.70479302078395
86.28119403696523
82.66397845091497
83.41662504161465
84.0799883708629
79.7130269571208
82.78989471346529
83.87325093390756
82.95748576496544
84.45084040105488
81.1377429642539
84.0799883708629
81.90441583537077
82.07381501496754
80.70866675202167
85.14693182963201
86.40183897219883
85.55375178473733
80.70866675202167
79.8000974658274
84.24501304066742
84.86099745400645
83.12473893025002
84.57409637576849
81.22328620674136
77.10022337480251
82.87373260301213
80.40695105385963
78.66066361276137
79.97395409340052
80.06074082983633
83.24995829161452
82.11611020716674
80.23403267940607
81.60712114896728
80.70866675202167
81.86201126828541
82.0314980154981
79.01300877422374
87.36100070651918
81.05210943858552
82.24286527650219
80.79466429027215
82.62196371963626
83.95600699837452
80.70866675202167
78.1291665555615
81.4367511903836
85.79691784155834
87.20187306856812
84.90190417966686
83.29165624478841
78.3067330722234
83.2082394424441
77.59402897989854
84.0799883708629
80.83762875185184
83.29165624478841
81.56456202161438
83.91463916782736
82.07381501496754
87.12220025790084
84.28621872326856
84.90190417966686
81.18052585305037
84.98365855987974
86.96263565463043
77.9066392834683
78.61650943380502
80.01735922771869
90.4848053542693
80.01735922771869
87.12220025790084
84.86099745400645
82.62196371963626
88.62373647430279
83.66600265340756
82.49579113843055
79.93052538854532
81.94679845959682
83.83184226639528
80.19074482479606
82.45369070642691
84.40971508067067
81.4367511903836
86.68269082630563
83.83184226639528
84.86099745400645
79.66945601811413
83.83184226639528
83.74896350934074
83.99735445569435
79.93052538854532
83.95600699837452
81.98915917499228
84.1212748886326
80.06074082983633
85.71593913749194
80.92348924206809
83.91463916782736
76.96499926012544
85.14693182963201
82.99933065325821
82.24286527650219
85.59432743405891
78.70479302078395
82.0314980154981
81.86201126828541
83.95600699837452
85.87782018658835
79.66945601811413
83.49983366583565
81.4367511903836
81.98915917499228
82.78989471346529
83.87325093390756
83.4582397236952
83.58295945413222
81.00925873009825
81.60712114896728
83.4582397236952
81.77713616898062
79.88707307471245
84.28621872326856
81.60712114896728
77.0551750371122
80.79466429027215
82.07381501496754
84.36856971381911
82.0314980154981
83.2082394424441
82.36942528767712
82.07381501496754
82.74794391537607
84.94279120548005
83.62449136201401
88.97565210026093
85.22845117030397
82.45369070642691
88.15233027738594
84.61514180229341
83.95600699837452
84.03868156985807
84.77912478906585
82.53787009609589
80.23403267940607
81.86201126828541
86.52231568278273
84.1212748886326
89.05366671595031
83.79041313499614
80.40695105385963
79.18859345469733
83.91463916782736
81.4367511903836
85.0653343678323
82.78989471346529
79.58224257542214
81.00925873009825
82.32726023485645
84.73815879257441
81.52198067597067
79.45124291035351
79.18859345469733
82.45369070642691
79.58224257542214
83.2082394424441
79.18859345469733
83.83184226639528
83.70749335898456
85.35058419379578
82.74794391537607
84.24501304066742
81.90441583537077
83.62449136201401
83.12473893025002
84.65616732800197
84.36856971381911
84.32740427115678
83.58295945413222
84.40971508067067
78.88106377466154
84.61514180229341
82.78989471346529
84.77912478906585
82.95748576496544
82.24286527650219
83.54140689901426
82.57992761224996
82.57992761224996
81.1377429642539
79.66945601811413
83.4582397236952
82.95748576496544
80.14743359029727
85.59432743405891
80.32053840014328
77.68347457614279
82.74794391537607
84.40971508067067
81.90441583537077
78.61650943380502
86.28119403696523
83.54140689901426
82.36942528767712
82.915619758885
80.27729719194863
81.39410298049854
81.6496580927726
87.32124598286491
80.53639618899714
84.90190417966686
84.0799883708629
79.53859999326673
81.90441583537077
85.71593913749194
86.88274345985577
85.9990310022929
81.09493750468576
79.7130269571208
82.57992761224996
84.1212748886326
81.94679845959682
84.90190417966686
83.166499665831
80.75167696917094
83.166499665831
82.32726023485645
79.7130269571208
82.45369070642691
80.23403267940607
84.73815879257441
84.90190417966686
78.43964417166728
83.4582397236952
83.08295720409679
85.71593913749194
78.39536550927825
82.74794391537607
82.915619758885
85.22845117030397
83.29165624478841
83.4582397236952
82.15838362577492
82.07381501496754
79.58224257542214
80.27729719194863
82.45369070642691
86.07974339077819
85.22845117030397
81.77713616898062
82.20063530438463
83.41662504161465
82.53787009609589
83.166499665831
84.77912478906585
84.94279120548005
82.15838362577492
82.66397845091497
80.10409893798611
83.2082394424441
80.88057039033953
78.88106377466154
83.54140689901426
81.77713616898062
83.166499665831
83.74896350934074
82.95748576496544
86.16038017041888
80.06074082983633
82.74794391537607
85.18770125108696
81.90441583537077
82.32726023485645
83.41662504161465
83.83184226639528
84.82007099999647
82.70597183866336
81.1377429642539
80.92348924206809
81.90441583537077
83.166499665831
82.57992761224996
86.36164272021077
82.53787009609589
79.14473380389177
84.28621872326856
81.69217288768313
81.81958472422384
81.56456202161438
86.56243732448594
84.03868156985807
80.40695105385963
86.36164272021077
82.24286527650219
80.14743359029727
83.74896350934074
82.57992761224996
83.74896350934074
84.0799883708629
80.57949835755714
88.15233027738594
90.63816954119152
81.09493750468576
86.68269082630563
83.41662504161465
82.24286527650219
81.18052585305037
80.83762875185184
85.59432743405891
82.45369070642691
85.67542108316584
85.14693182963201
81.94679845959682
84.5330310194384
83.87325093390756
86.28119403696523
84.1212748886326
84.90190417966686
86.96263565463043
81.26602406089933
86.60254037844388
76.64854858377946
80.19074482479606
82.915619758885
81.94679845959682
84.5330310194384
84.20378719379417
80.83762875185184
82.57992761224996
83.24995829161452
81.4793770772021
83.08295720409679
82.53787009609589
84.82007099999647
81.94679845959682
82.45369070642691
79.18859345469733
81.77713616898062
85.9990310022929
83.54140689901426
80.23403267940607
83.2082394424441
83.12473893025002
82.24286527650219
80.88057039033953
76.64854858377946
81.81958472422384
82.70597183866336
89.40389004710899
83.95600699837452
84.77912478906585
79.88707307471245
86.96263565463043
82.41156876717412
85.43190920909535
80.75167696917094
80.53639618899714
81.94679845959682
83.37498958853841
85.26918161524323
85.18770125108696
82.07381501496754
80.88057039033953
82.49579113843055
87.36100070651918
80.36375634160797
80.53639618899714
82.28507357554791
84.32740427115678
87.32124598286491
84.5330310194384
82.66397845091497
85.51315688243535
82.62196371963626
83.62449136201401
84.5330310194384
84.03868156985807
76.14861201040445
81.90441583537077
81.39410298049854
79.97395409340052
78.88106377466154
87.71798244627179
78.61650943380502
81.09493750468576
88.78031563609382
81.77713616898062
83.166499665831
84.65616732800197
80.92348924206809
86.8427698007535
82.28507357554791
86.36164272021077
79.58224257542214
83.12473893025002
82.78989471346529
81.81958472422384
82.95748576496544
82.36942528767712
84.45084040105488
86.56243732448594
84.94279120548005
83.29165624478841
81.86201126828541
85.55375178473733
83.24995829161452
84.1212748886326
79.75657409336932
85.43190920909535
81.69217288768313
86.2409415533017
81.94679845959682
81.94679845959682
86.48217542746404
87.51983902077414
86.07974339077819
81.4367511903836
79.49493345141214
81.35143241243853
80.27729719194863
85.83737854545393
81.4793770772021
82.70597183866336
82.95748576496544
80.36375634160797
85.91824279188002
81.52198067597067
83.49983366583565
81.77713616898062
78.48389785314069
80.40695105385963
84.0799883708629
87.99463367476199
81.90441583537077
80.45012257431448
83.33333333333334
79.14473380389177
77.77281730213397
83.91463916782736
83.95600699837452
81.1377429642539
83.08295720409679
83.2082394424441
80.36375634160797
78.66066361276137
80.45012257431448
82.62196371963626
83.54140689901426
86.52231568278273
85.14693182963201
83.12473893025002
81.4367511903836
85.1061428779119
83.0411544556874
81.4793770772021
80.83762875185184
81.69217288768313
80.70866675202167
84.94279120548005
82.57992761224996
82.11611020716674
83.12473893025002
82.0314980154981
80.75167696917094
83.83184226639528
83.62449136201401
80.79466429027215
82.20063530438463
83.33333333333334
87.04245452012994
79.93052538854532
86.60254037844388
85.75643804791957
79.36378967206083
87.12220025790084
84.1212748886326
83.49983366583565
79.36378967206083
80.57949835755714
84.40971508067067
86.8427698007535
83.58295945413222
87.12220025790084
83.95600699837452
83.08295720409679
85.87782018658835
81.22328620674136
81.73466556826153
85.67542108316584
83.29165624478841
82.66397845091497
79.62586123727502
86.80277773333191
80.75167696917094
81.56456202161438
83.58295945413222
82.915619758885
86.7227382716513
84.40971508067067
85.79691784155834
83.08295720409679
82.28507357554791
81.86201126828541
82.62196371963626
87.24168218868267
81.90441583537077
82.74794391537607
84.82007099999647
87.16204576661922
81.69217288768313
86.03939666093538
84.98365855987974
83.49983366583565
81.90441583537077
84.65616732800197
84.1212748886326
84.98365855987974
83.74896350934074
83.08295720409679
84.0799883708629
85.1061428779119
85.39125638299664
85.22845117030397
85.26918161524323
82.45369070642691
84.1212748886326
81.69217288768313
83.4582397236952
84.73815879257441
79.36378967206083
83.66600265340756
84.65616732800197
86.8427698007535
84.69717298181276
83.41662504161465
86.2409415533017
84.24501304066742
82.53787009609589
83.33333333333334
84.49194570424385
81.18052585305037
83.12473893025002
86.64262487046686
83.58295945413222
82.20063530438463
82.45369070642691
85.22845117030397
83.24995829161452
89.55910525085282
88.27041784576907
84.73815879257441
82.74794391537607
87.83665395367572
84.90190417966686
85.14693182963201
79.53859999326673
80.14743359029727
81.73466556826153
83.24995829161452
85.1061428779119
84.03868156985807
83.33333333333334
80.06074082983633
82.57992761224996
84.1212748886326
78.17359599705716
78.8370330351021
79.45124291035351
85.47254269972056
82.57992761224996
78.39536550927825
82.36942528767712
83.49983366583565
82.41156876717412
85.75643804791957
85.91824279188002
83.12473893025002
80.57949835755714
82.32726023485645
79.8000974658274
81.90441583537077
83.0411544556874
90.40802570077012
84.45084040105488
80.01735922771869
84.94279120548005
80.10409893798611
79.32002689527195
82.07381501496754
82.11611020716674
84.57409637576849
80.27729719194863
88.74119674649424
83.08295720409679
83.4582397236952
83.37498958853841
82.83182426526118
85.83737854545393
85.39125638299664
81.09493750468576
84.20378719379417
84.94279120548005
78.43964417166728
85.51315688243535
86.48217542746404
82.36942528767712
84.90190417966686
79.8000974658274
83.4582397236952
80.96638534327413
86.40183897219883
84.5330310194384
81.69217288768313
82.78989471346529
84.90190417966686
87.59915017345267
86.48217542746404
82.11611020716674
80.23403267940607
78.8370330351021
84.90190417966686
80.40695105385963
84.40971508067067
79.05694150420949
80.36375634160797
86.07974339077819
80.40695105385963
83.2082394424441
83.79041313499614
82.20063530438463
82.915619758885
83.0411544556874
85.22845117030397
87.00255424092126
79.88707307471245
86.64262487046686
83.66600265340756
83.49983366583565
81.39410298049854
83.62449136201401
84.32740427115678
80.10409893798611
82.66397845091497
83.41662504161465
84.16254115301732
80.40695105385963
84.82007099999647
82.07381501496754
84.49194570424385
81.05210943858552
83.24995829161452
82.57992761224996
83.12473893025002
84.1212748886326
85.71593913749194
85.43190920909535
83.91463916782736
82.74794391537607
83.95600699837452
86.64262487046686
85.59432743405891
83.83184226639528
81.86201126828541
85.47254269972056
86.8427698007535
85.91824279188002
81.81958472422384
83.91463916782736
85.30989261379818
83.08295720409679
82.62196371963626
82.74794391537607
81.09493750468576
81.81958472422384
83.54140689901426
83.95600699837452
85.14693182963201
77.28015412913086
81.90441583537077
82.53787009609589
84.45084040105488
82.62196371963626
82.70597183866336
82.62196371963626
81.1377429642539
82.74794391537607
81.90441583537077
81.18052585305037
83.66600265340756
84.94279120548005
82.49579113843055
79.05694150420949
87.40073734751263
81.90441583537077
86.12007121842544
79.93052538854532
84.1212748886326
85.63488385776753
83.83184226639528
80.23403267940607
83.83184226639528
80.49327094028834
82.74794391537607
84.82007099999647
83.166499665831
81.4793770772021
80.83762875185184
81.39410298049854
89.2484049032686
85.0653343678323
83.83184226639528
83.66600265340756
81.69217288768313
80.36375634160797
86.68269082630563
83.54140689901426
79.7130269571208
81.09493750468576
80.40695105385963
80.75167696917094
84.24501304066742
83.54140689901426
81.81958472422384
81.30873945100312
81.09493750468576
81.4367511903836
79.10084983389524
82.70597183866336
81.94679845959682
82.11611020716674
83.70749335898456
77.41482774995728
83.83184226639528
85.0653343678323
82.20063530438463
83.37498958853841
83.24995829161452
83.29165624478841
84.40971508067067
84.94279120548005
82.45369070642691
84.40971508067067
80.57949835755714
83.166499665831
83.08295720409679
81.09493750468576
81.98915917499228
85.67542108316584
86.2409415533017
84.61514180229341
80.40695105385963
78.43964417166728
84.0799883708629
80.83762875185184
84.86099745400645
82.24286527650219
83.166499665831
82.95748576496544
85.0653343678323
86.36164272021077
84.65616732800197
84.94279120548005
84.90190417966686
84.90190417966686
86.20067027323834
86.64262487046686
81.94679845959682
84.82007099999647
83.29165624478841
84.45084040105488
82.11611020716674
85.1061428779119
83.79041313499614
80.62257748298549
87.71798244627179
84.90190417966686
82.24286527650219
80.32053840014328
83.49983366583565
82.07381501496754
81.30873945100312
82.11611020716674
81.90441583537077
83.4582397236952
81.56456202161438
85.83737854545393
84.36856971381911
82.915619758885
80.23403267940607
83.29165624478841
81.94679845959682
81.77713616898062
88.11293258590868
82.915619758885
84.28621872326856
82.74794391537607
80.06074082983633
86.03939666093538
85.55375178473733
81.81958472422384
84.0799883708629
83.54140689901426
78.79297769048542
85.18770125108696
77.77281730213397
82.53787009609589
77.86205751198719
83.74896350934074
82.78989471346529
80.36375634160797
86.03939666093538
81.4367511903836
81.52198067597067
80.23403267940607
84.82007099999647
85.75643804791957
81.86201126828541
82.28507357554791
79.49493345141214
81.1377429642539
82.78989471346529
84.40971508067067
81.39410298049854
83.166499665831
80.01735922771869
86.56243732448594
82.87373260301213
79.05694150420949
79.45124291035351
81.56456202161438
82.07381501496754
78.8370330351021
87.63877883423271
88.81941729649485
80.14743359029727
85.59432743405891
83.58295945413222
80.92348924206809
85.22845117030397
83.99735445569435
82.20063530438463
86.52231568278273
83.74896350934074
84.73815879257441
82.11611020716674
81.94679845959682
82.45369070642691
83.4582397236952
90.13878188659974
81.4367511903836
84.03868156985807
84.28621872326856
86.03939666093538
85.1061428779119
84.94279120548005
80.53639618899714
80.49327094028834
82.95748576496544
80.40695105385963
86.7227382716513
85.75643804791957
81.35143241243853
79.97395409340052
79.36378967206083
86.16038017041888
84.45084040105488
79.75657409336932
79.32002689527195
87.36100070651918
82.62196371963626
82.83182426526118
81.39410298049854
84.1212748886326
85.26918161524323
85.26918161524323
85.22845117030397
81.26602406089933
78.35106182362105
81.35143241243853
87.83665395367572
86.7227382716513
82.74794391537607
81.86201126828541
85.1061428779119
83.62449136201401
87.32124598286491
82.78989471346529
83.166499665831
87.00255424092126
89.48153130364078
86.07974339077819
84.57409637576849
88.15233027738594
83.83184226639528
84.49194570424385
83.62449136201401
85.87782018658835
83.66600265340756
84.82007099999647
86.60254037844388
83.0411544556874
82.66397845091497
80.27729719194863
86.68269082630563
81.94679845959682
85.67542108316584
82.20063530438463
82.87373260301213
86.36164272021077
86.52231568278273
81.18052585305037
84.0799883708629
83.166499665831
83.74896350934074
80.40695105385963
84.36856971381911
88.23107288377616
81.94679845959682
82.915619758885
83.2082394424441
85.22845117030397
85.43190920909535
82.87373260301213
82.41156876717412
86.07974339077819
88.073517270769
78.61650943380502
80.83762875185184
85.22845117030397
81.18052585305037
82.49579113843055
87.59915017345267
85.91824279188002
81.52198067597067
82.41156876717412
82.78989471346529
86.96263565463043
82.62196371963626
82.70597183866336
85.91824279188002
83.54140689901426
85.55375178473733
85.47254269972056
84.61514180229341
78.3067330722234
80.53639618899714
80.79466429027215
84.61514180229341
90.17729450612522
82.32726023485645
86.32142775052372
82.87373260301213
86.64262487046686
83.54140689901426
83.70749335898456
82.66397845091497
79.01300877422374
80.06074082983633
81.18052585305037
83.58295945413222
79.88707307471245
83.95600699837452
80.57949835755714
79.8000974658274
82.15838362577492
85.14693182963201
81.90441583537077
81.81958472422384
86.92269873603531
84.24501304066742
83.24995829161452
82.07381501496754
81.09493750468576
82.53787009609589
84.90190417966686
86.2409415533017
84.1212748886326
80.57949835755714
85.02450627123139
83.62449136201401
82.57992761224996
82.41156876717412
87.04245452012994
83.99735445569435
82.53787009609589
87.40073734751263
78.74889769951633
83.12473893025002
83.99735445569435
83.41662504161465
82.83182426526118
81.4793770772021
84.20378719379417
83.49983366583565
81.39410298049854
82.07381501496754
84.40971508067067
81.6496580927726
84.61514180229341
84.82007099999647
84.20378719379417
80.53639618899714
80.83762875185184
84.65616732800197
84.57409637576849
80.45012257431448
82.87373260301213
82.78989471346529
83.54140689901426
82.28507357554791
86.52231568278273
82.87373260301213
81.05210943858552
80.36375634160797
85.91824279188002
83.24995829161452
85.75643804791957
77.9957263786506
78.3067330722234
80.36375634160797
81.6496580927726
80.88057039033953
82.87373260301213
80.36375634160797
79.84359711335655
81.73466556826153
81.81958472422384
82.28507357554791
84.40971508067067
82.57992761224996
82.45369070642691
82.45369070642691
88.11293258590868
86.80277773333191
81.22328620674136
84.61514180229341
82.74794391537607
81.52198067597067
85.95864638818419
84.36856971381911
83.49983366583565
82.62196371963626
83.33333333333334
86.40183897219883
82.24286527650219
80.01735922771869
84.86099745400645
85.75643804791957
83.54140689901426
83.166499665831
84.28621872326856
80.10409893798611
85.1061428779119
82.66397845091497
87.67838958375091
81.00925873009825
84.24501304066742
80.32053840014328
82.0314980154981
83.70749335898456
83.79041313499614
83.4582397236952
83.70749335898456
82.45369070642691
83.99735445569435
85.83737854545393
84.03868156985807
81.09493750468576
81.26602406089933
85.22845117030397
85.39125638299664
84.03868156985807
82.78989471346529
81.52198067597067
88.93661912970508
85.55375178473733
82.45369070642691
78.61650943380502
81.1377429642539
81.60712114896728
82.78989471346529
82.95748576496544
83.54140689901426
83.54140689901426
82.45369070642691
84.69717298181276
85.1061428779119
77.6387646590141
80.57949835755714
83.95600699837452
83.0411544556874
79.53859999326673
86.64262487046686
82.70597183866336
86.40183897219883
80.27729719194863
78.3067330722234
82.28507357554791
80.79466429027215
80.57949835755714
81.77713616898062
80.53639618899714
81.4793770772021
83.41662504161465
81.22328620674136
80.79466429027215
79.49493345141214
81.09493750468576
84.82007099999647
80.19074482479606
81.94679845959682
80.79466429027215
78.74889769951633
79.05694150420949
79.45124291035351
85.95864638818419
84.5330310194384
80.79466429027215
81.22328620674136
80.53639618899714
83.37498958853841
80.19074482479606
81.69217288768313
84.82007099999647
81.86201126828541
82.57992761224996
76.73909622147558
85.71593913749194
82.57992761224996
80.79466429027215
79.53859999326673
80.27729719194863
83.99735445569435
87.67838958375091
78.3067330722234
87.83665395367572
82.45369070642691
79.10084983389524
82.41156876717412
79.97395409340052
79.84359711335655
81.1377429642539
86.36164272021077
78.88106377466154
80.01735922771869
80.66563360220042
82.11611020716674
83.33333333333334
83.58295945413222
83.24995829161452
77.77281730213397
81.05210943858552
82.915619758885
83.79041313499614
84.36856971381911
80.19074482479606
79.14473380389177
79.75657409336932
79.84359711335655
83.41662504161465
81.22328620674136
78.21800020171543
81.26602406089933
80.49327094028834
80.57949835755714
80.10409893798611
78.1291665555615
79.05694150420949
88.42762263254872
83.29165624478841
81.98915917499228
82.49579113843055
82.07381501496754
78.79297769048542
82.24286527650219
84.32740427115678
83.62449136201401
79.32002689527195
83.29165624478841
82.70597183866336
82.45369070642691
80.01735922771869
82.74794391537607
79.75657409336932
79.45124291035351
85.26918161524323
79.93052538854532
80.92348924206809
82.45369070642691
83.95600699837452
83.0411544556874
83.91463916782736
81.90441583537077
85.47254269972056
84.16254115301732
83.58295945413222
80.32053840014328
81.81958472422384
80.96638534327413
81.05210943858552
84.40971508067067
79.93052538854532
81.00925873009825
86.8427698007535
81.94679845959682
78.52812659593164
85.91824279188002
83.24995829161452
83.79041313499614
82.32726023485645
81.4367511903836
83.166499665831
81.09493750468576
77.9066392834683
81.35143241243853
83.83184226639528
83.33333333333334
82.36942528767712
78.66066361276137
76.23975340988453
83.70749335898456
81.81958472422384
81.4793770772021
82.36942528767712
80.01735922771869
83.33333333333334
77.95119555779046
79.75657409336932
81.26602406089933
81.00925873009825
80.66563360220042
82.57992761224996
82.07381501496754
83.08295720409679
82.41156876717412
87.24168218868267
81.69217288768313
79.93052538854532
81.22328620674136
82.24286527650219
82.83182426526118
86.2409415533017
83.91463916782736
86.28119403696523
83.08295720409679
82.15838362577492
83.166499665831
83.2082394424441
82.915619758885
85.91824279188002
84.90190417966686
80.92348924206809
86.68269082630563
85.30989261379818
81.77713616898062
81.00925873009825
82.95748576496544
76.51252620758687
80.92348924206809
82.78989471346529
83.4582397236952
82.28507357554791
79.7130269571208
80.96638534327413
82.66397845091497
85.22845117030397
81.39410298049854
77.0551750371122
84.1212748886326
85.14693182963201
80.45012257431448
84.5330310194384
85.79691784155834
79.27623996016852
86.36164272021077
85.95864638818419
80.27729719194863
80.53639618899714
84.73815879257441
83.74896350934074
82.28507357554791
80.40695105385963
85.55375178473733
83.83184226639528
81.69217288768313
82.15838362577492
84.73815879257441
80.36375634160797
82.57992761224996
84.1212748886326
80.66563360220042
80.40695105385963
79.49493345141214
85.83737854545393
82.53787009609589
78.21800020171543
76.64854858377946
76.87471770499208
