40.22506128715724
49.088921583410475
46.62200243566455
36.89323936863109
41.247895569215274
42.328083664000985
43.46134936801766
37.822685726367396
44.565806523736455
35.25699300217697
43.30127018922194
37.26779962499649
53.68374469468803
42.573465914816005
41.998677227847175
51.63977794943223
54.198708471696996
42.979323194092096
51.974887098375575
48.87626099538394
53.68374469468803
62.36095644623235
53.48935511960404
52.50661334007788
57.91516784631351
55.15130702591432
53.16379302578861
58.68938953886337
58.570944636018595
65.61673228343176
55.214229244924816
57.06964556087978
57.91516784631351
56.5194165260439
52.30784942158405
57.312496213498
56.45794895318107
58.21416398857661
56.5194165260439
59.86094998689323
51.37011669140813
58.63019699779287
55.0883129367947
57.55432216610669
56.396414385628766
59.16079783099616
56.396414385628766
69.67184988692826
52.83622494715786
57.49396103553447
61.29391849477764
56.58081732255985
61.12373606964082
61.237243569579455
63.574103742535506
57.49396103553447
60.092521257733154
59.04329861306118
58.80759588125783
59.68668193156661
55.27707983925666
66.66666666666666
62.74950199005567
61.63287362366866
63.355259362494046
60.724789007455605
60.61032181989393
65.61673228343176
61.80165405913053
66.97843765803371
59.278064145929136
55.65269285688
67.3403461694564
64.76453075908482
69.27200813540134
64.17207769392819
66.77075208003377
58.392826804516176
63.73774391990982
67.80281868935997
65.93346814950827
63.51946333386501
66.0912668629945
64.65721580423607
64.87166818676188
63.84660436459318
57.25188012439223
63.30043004944314
64.81812160876686
67.80281868935997
67.75158874725948
65.98610964943052
64.17207769392819
64.76453075908482
61.80165405913053
56.6421515598881
64.11794687223782
68.51601597031488
69.42221866552843
65.40472290116195
62.41661103691335
63.73774391990982
58.9844612306213
63.190628700429585
59.278064145929136
68.41458583924597
64.71089552772392
56.3348126038519
63.62869722940358
66.0387091871965
64.49590856963115
71.10243002567181
72.1206550780627
62.30525214172914
61.96997480859402
55.0883129367947
64.06377031260857
59.219460014799566
60.95307849303248
62.02598021976132
71.54058677111584
63.84660436459318
72.4568837309472
62.86007388548703
60.89608635481704
63.190628700429585
71.68604389202189
69.37218462755803
67.54628043053148
61.01001739241042
62.08193510729725
59.744827763116405
67.03025850730069
58.74852244004855
61.96997480859402
70.31674369909662
64.71089552772392
65.45778962218493
62.804812271389245
58.034951154933836
59.511903571190416
69.9205898780101
66.66666666666666
68.92024376045111
63.46477588219924
63.13565641625271
74.48899993362183
66.9265766842042
63.90096504226938
66.66666666666666
69.12147117775906
68.1093891390085
67.80281868935997
67.75158874725948
71.20003121097942
72.83924461137387
65.93346814950827
62.41661103691335
65.35161308899218
62.74950199005567
72.16878364870323
70.75976571784594
63.30043004944314
70.75976571784594
69.67184988692826
69.5221787153807
68.36381433997894
68.66788024817555
66.0387091871965
71.15124735378853
66.30108093638695
65.51081335677848
69.37218462755803
67.44339190099437
54.4543641756818
68.16035015559511
66.71872967082699
67.3918887305191
62.583277851728624
64.81812160876686
67.95627679291704
69.02093080282884
70.21791477646966
65.77529086890371
59.570220002205055
67.75158874725948
67.03025850730069
66.24868971450597
56.21140651346684
56.70341945401333
65.66962768281849
67.90516262487787
67.28876412728782
66.0387091871965
62.30525214172914
68.92024376045111
61.63287362366866
63.245553203367585
66.19625702745167
72.6483157256779
66.19625702745167
64.60349147771434
67.49485577105528
68.36381433997894
57.79513628133234
60.49563804293846
71.44345083117604
61.40711142313513
66.30108093638695
63.190628700429585
67.03025850730069
63.190628700429585
69.9205898780101
65.88078458684123
64.17207769392819
67.13378020374277
69.72166887783963
63.08063622591854
71.29749878735812
65.77529086890371
70.80881928749334
69.17168656482379
70.16844811673629
65.61673228343176
68.61729616746301
67.03025850730069
75.69125885243729
61.80165405913053
67.54628043053148
68.00735254367721
61.63287362366866
54.89889697333534
59.744827763116405
61.520096084305834
64.9786289653931
69.9205898780101
60.265615772548486
62.63873490988712
55.27707983925666
68.5666747690807
66.24868971450597
57.61462005814535
62.52777160768023
70.36610610861517
61.06690320187087
63.683243915142675
56.45794895318107
64.17207769392819
64.17207769392819
58.511632271806526
66.30108093638695
60.438214548229155
65.45778962218493
57.55432216610669
59.45352993912323
63.73774391990982
59.97684738482193
61.06690320187087
65.61673228343176
65.51081335677848
53.94184110894086
58.511632271806526
64.00954789890505
58.15448774122635
53.554230043532094
57.67485490999425
61.85781186631879
67.64901247534135
58.9844612306213
61.74544517614235
64.33419688539594
64.81812160876686
55.83955189250318
52.90190082701292
62.36095644623235
67.18548123582124
60.61032181989393
61.80165405913053
57.25188012439223
51.43766454003654
60.89608635481704
61.520096084305834
66.51023313078305
63.13565641625271
59.91892670749183
55.339859052946636
58.333333333333336
57.37304826019501
61.40711142313513
56.14960175974338
65.88078458684123
61.3505410643532
67.44339190099437
54.89889697333534
62.583277851728624
64.28020258558963
63.73774391990982
65.19202405202648
58.63019699779287
64.87166818676188
60.265615772548486
65.29846008053244
58.9844612306213
51.03103630798288
64.87166818676188
64.76453075908482
62.52777160768023
62.63873490988712
61.29391849477764
67.23714251314769
65.13874081954269
61.96997480859402
60.61032181989393
65.66962768281849
57.191199789244976
64.60349147771434
61.29391849477764
61.80165405913053
61.913918736689034
62.74950199005567
63.245553203367585
54.13460589637239
67.3918887305191
71.24878166599684
64.49590856963115
70.4154339142587
58.452259722500614
63.90096504226938
60.150274775395296
55.65269285688
58.511632271806526
67.90516262487787
55.339859052946636
65.35161308899218
64.76453075908482
56.45794895318107
60.32320356951285
59.91892670749183
65.82805886043833
53.74838498865701
67.13378020374277
51.974887098375575
56.94783187756629
67.70032003863301
53.554230043532094
67.44339190099437
59.219460014799566
57.06964556087978
61.74544517614235
62.36095644623235
54.326686710022074
59.16079783099616
59.91892670749183
59.16079783099616
51.774081890030224
56.02578771323871
61.01001739241042
49.651563699220766
58.511632271806526
54.13460589637239
55.77733510227171
52.90190082701292
61.01001739241042
56.08772890154613
61.74544517614235
53.29425651773161
58.511632271806526
53.94184110894086
58.392826804516176
65.61673228343176
64.92517060260819
61.3505410643532
60.32320356951285
61.85781186631879
59.219460014799566
59.10207742165715
60.03471218109292
58.570944636018595
57.37304826019501
52.70462766947299
62.915286960589576
51.43766454003654
59.16079783099616
57.67485490999425
52.638705657845854
63.245553203367585
59.278064145929136
62.19369385681763
68.5666747690807
66.35343079131461
58.21416398857661
39.87828704668466
57.37304826019501
57.97509043642029
63.13565641625271
57.13045500334203
68.51601597031488
60.03471218109292
57.79513628133234
69.12147117775906
58.80759588125783
59.86094998689323
53.48935511960404
65.56379420923648
63.08063622591854
60.092521257733154
54.262735320332354
58.273779123490286
65.03204338375556
65.40472290116195
63.355259362494046
58.74852244004855
60.61032181989393
62.74950199005567
61.29391849477764
56.396414385628766
51.8411033833193
63.574103742535506
60.61032181989393
62.583277851728624
57.79513628133234
58.86661004149787
66.0387091871965
56.45794895318107
64.71089552772392
68.92024376045111
67.54628043053148
63.79219736334879
58.392826804516176
58.273779123490286
67.85400995274094
66.71872967082699
61.913918736689034
62.13783960769083
62.19369385681763
68.0583899636514
66.40573937712179
62.472216046637705
65.40472290116195
61.85781186631879
64.17207769392819
63.955279514499644
64.65721580423607
65.93346814950827
61.3505410643532
67.80281868935997
64.22616289332565
64.92517060260819
66.40573937712179
54.198708471696996
72.02430145443967
64.28020258558963
67.28876412728782
56.21140651346684
51.099032389186306
67.08203932499369
64.00954789890505
59.39509893735154
63.025568003963464
67.85400995274094
66.97843765803371
60.61032181989393
74.53559924999298
64.87166818676188
63.13565641625271
56.21140651346684
61.68918507773916
58.570944636018595
58.333333333333336
59.10207742165715
56.21140651346684
63.574103742535506
69.12147117775906
59.744827763116405
62.63873490988712
57.79513628133234
61.520096084305834
56.70341945401333
65.56379420923648
61.96997480859402
57.67485490999425
60.61032181989393
55.40256712864887
55.40256712864887
66.56241849238619
64.54972243679028
67.59766596891083
57.91516784631351
58.86661004149787
63.46477588219924
55.963777967936046
56.5194165260439
60.438214548229155
54.835612921207
62.472216046637705
60.66758241067098
59.86094998689323
60.49563804293846
53.03300858899106
52.04164998665332
58.273779123490286
59.16079783099616
60.438214548229155
56.825757070774394
51.37011669140813
45.79543888011362
54.64532103585
58.333333333333336
52.572700985291675
52.50661334007788
53.35936864527374
47.434164902525694
66.45800679125628
62.19369385681763
57.67485490999425
61.57651067303722
62.69414291268009
60.66758241067098
59.91892670749183
58.273779123490286
63.90096504226938
59.802917060030516
54.70882520723285
59.97684738482193
60.49563804293846
63.355259362494046
59.219460014799566
60.32320356951285
62.13783960769083
64.17207769392819
60.265615772548486
58.452259722500614
59.39509893735154
61.46362971528592
52.108327336211616
66.56241849238619
60.03471218109292
61.06690320187087
66.0912668629945
55.0883129367947
59.91892670749183
55.214229244924816
54.326686710022074
59.6284793999944
52.572700985291675
51.974887098375575
60.839040828146594
61.74544517614235
57.49396103553447
49.30066485916347
58.63019699779287
55.77733510227171
64.9786289653931
53.48935511960404
63.08063622591854
61.96997480859402
62.30525214172914
57.67485490999425
63.190628700429585
49.791230820965524
53.03300858899106
52.77046732995855
59.570220002205055
55.339859052946636
66.9265766842042
61.12373606964082
58.92556509887896
51.43766454003654
56.6421515598881
61.85781186631879
54.64532103585
59.04329861306118
57.37304826019501
58.511632271806526
63.955279514499644
54.390562906935735
58.9844612306213
52.96749527356901
64.92517060260819
64.81812160876686
53.619026473818046
56.70341945401333
56.14960175974338
62.804812271389245
49.93050726315081
56.08772890154613
44.565806523736455
52.96749527356901
52.30784942158405
62.804812271389245
59.336610396393
61.3505410643532
62.13783960769083
63.08063622591854
57.25188012439223
59.278064145929136
54.581742979376045
64.28020258558963
61.237243569579455
68.81940940687527
63.190628700429585
56.825757070774394
64.71089552772392
64.17207769392819
61.96997480859402
63.90096504226938
50.069396285999346
56.94783187756629
64.22616289332565
59.16079783099616
55.77733510227171
64.76453075908482
62.30525214172914
53.42440141608202
57.433536467042586
58.15448774122635
52.37418787490223
59.10207742165715
62.915286960589576
63.79219736334879
64.11794687223782
55.59026693385972
55.27707983925666
54.51809077932042
63.73774391990982
56.5194165260439
49.088921583410475
54.835612921207
57.433536467042586
60.839040828146594
61.18051614325884
53.554230043532094
64.06377031260857
65.19202405202648
61.57651067303722
52.30784942158405
57.61462005814535
68.9706056551952
65.82805886043833
54.326686710022074
60.89608635481704
47.28753653037036
60.839040828146594
53.16379302578861
56.27314338711378
62.249497989943656
65.24526377021128
58.86661004149787
64.44204976393735
63.574103742535506
65.03204338375556
69.3221144769514
59.10207742165715
63.30043004944314
60.150274775395296
49.088921583410475
65.61673228343176
57.61462005814535
62.19369385681763
58.80759588125783
59.68668193156661
55.52777082985894
62.472216046637705
70.21791477646966
59.6284793999944
62.915286960589576
63.41004126582267
67.64901247534135
69.9702317656111
58.68938953886337
62.63873490988712
55.7150488348226
64.81812160876686
66.40573937712179
66.71872967082699
58.68938953886337
59.570220002205055
62.08193510729725
63.955279514499644
63.13565641625271
65.03204338375556
62.74950199005567
61.237243569579455
66.97843765803371
58.21416398857661
62.804812271389245
62.52777160768023
64.81812160876686
57.85518319236594
56.3348126038519
57.97509043642029
62.02598021976132
59.278064145929136
60.95307849303248
60.55300708194983
47.653261518319326
61.96997480859402
63.30043004944314
59.6284793999944
60.61032181989393
57.06964556087978
53.74838498865701
57.13045500334203
67.3403461694564
62.472216046637705
54.70882520723285
63.41004126582267
59.86094998689323
66.19625702745167
63.46477588219924
56.825757070774394
46.097722286464446
60.724789007455605
60.61032181989393
61.68918507773916
57.97509043642029
54.9621081594705
57.37304826019501
59.86094998689323
59.278064145929136
62.36095644623235
66.61456297237113
61.12373606964082
63.62869722940358
62.41661103691335
62.13783960769083
66.77075208003377
58.21416398857661
61.29391849477764
59.86094998689323
61.46362971528592
61.96997480859402
57.49396103553447
57.85518319236594
56.27314338711378
64.22616289332565
59.68668193156661
54.13460589637239
58.570944636018595
56.02578771323871
61.57651067303722
59.39509893735154
50.82650227325636
58.63019699779287
52.96749527356901
48.947250518628046
54.51809077932042
57.735026918962575
60.20797289396148
58.92556509887896
56.94783187756629
57.55432216610669
61.68918507773916
60.66758241067098
57.13045500334203
59.511903571190416
65.19202405202648
51.974887098375575
63.025568003963464
59.04329861306118
66.14378277661477
65.56379420923648
64.28020258558963
51.50512380120814
63.025568003963464
55.963777967936046
62.52777160768023
65.77529086890371
62.08193510729725
47.653261518319326
67.03025850730069
67.54628043053148
57.67485490999425
56.27314338711378
69.37218462755803
58.86661004149787
59.68668193156661
58.68938953886337
58.452259722500614
63.41004126582267
57.06964556087978
56.27314338711378
59.86094998689323
66.97843765803371
63.245553203367585
62.08193510729725
60.839040828146594
56.6421515598881
53.42440141608202
50.48377076953653
60.380736442456
56.3348126038519
60.49563804293846
63.08063622591854
59.97684738482193
63.46477588219924
54.835612921207
60.95307849303248
56.27314338711378
63.245553203367585
57.55432216610669
54.006172486732176
54.326686710022074
51.70697352496191
57.433536467042586
53.94184110894086
61.96997480859402
58.09475019311125
52.30784942158405
51.234753829797995
57.25188012439223
59.45352993912323
50.069396285999346
59.6284793999944
65.29846008053244
56.02578771323871
53.619026473818046
59.91892670749183
68.86984503798129
59.97684738482193
58.273779123490286
57.91516784631351
64.44204976393735
64.28020258558963
45.41475531146237
57.06964556087978
59.45352993912323
59.86094998689323
54.70882520723285
52.04164998665332
58.80759588125783
54.64532103585
61.237243569579455
59.744827763116405
59.45352993912323
57.55432216610669
65.35161308899218
64.22616289332565
62.970451624375215
56.88682721958671
60.380736442456
65.03204338375556
55.7150488348226
61.12373606964082
55.339859052946636
61.85781186631879
56.88682721958671
59.336610396393
66.0912668629945
60.380736442456
57.06964556087978
60.03471218109292
61.06690320187087
55.15130702591432
61.68918507773916
53.619026473818046
59.68668193156661
54.64532103585
58.034951154933836
50.7581411094702
52.241426728858265
69.9702317656111
58.273779123490286
55.46520430764579
54.13460589637239
61.29391849477764
57.433536467042586
48.66267106885478
56.94783187756629
62.970451624375215
62.13783960769083
61.74544517614235
55.339859052946636
59.336610396393
60.839040828146594
55.02524673073059
55.27707983925666
56.02578771323871
62.19369385681763
52.17491947499509
58.15448774122635
61.74544517614235
55.15130702591432
58.511632271806526
60.092521257733154
50.0
59.6284793999944
54.9621081594705
56.396414385628766
52.638705657845854
61.01001739241042
56.45794895318107
63.51946333386501
61.96997480859402
63.025568003963464
57.735026918962575
55.15130702591432
59.744827763116405
58.63019699779287
49.30066485916347
63.355259362494046
60.092521257733154
57.91516784631351
60.89608635481704
51.774081890030224
57.06964556087978
55.90169943749474
59.744827763116405
60.839040828146594
60.724789007455605
55.15130702591432
55.0883129367947
60.380736442456
57.55432216610669
54.13460589637239
62.41661103691335
60.150274775395296
60.092521257733154
54.77225575051662
54.89889697333534
61.3505410643532
62.02598021976132
66.0387091871965
61.85781186631879
59.91892670749183
60.839040828146594
55.27707983925666
54.262735320332354
56.14960175974338
56.08772890154613
59.10207742165715
63.84660436459318
58.034951154933836
64.9786289653931
61.12373606964082
62.249497989943656
59.45352993912323
67.3918887305191
53.29425651773161
53.554230043532094
62.69414291268009
62.804812271389245
61.06690320187087
59.86094998689323
62.30525214172914
54.390562906935735
60.092521257733154
62.74950199005567
56.21140651346684
63.245553203367585
59.16079783099616
55.83955189250318
57.25188012439223
62.970451624375215
54.581742979376045
52.44044240850758
59.86094998689323
50.7581411094702
50.82650227325636
55.90169943749474
63.41004126582267
53.554230043532094
50.27701042999452
66.35343079131461
56.08772890154613
56.5194165260439
58.92556509887896
63.683243915142675
57.735026918962575
54.835612921207
52.83622494715786
64.49590856963115
64.28020258558963
61.12373606964082
57.06964556087978
62.30525214172914
59.278064145929136
64.44204976393735
49.51150259170982
60.781941762701564
66.30108093638695
55.15130702591432
59.39509893735154
55.52777082985894
60.380736442456
57.91516784631351
58.09475019311125
56.6421515598881
57.13045500334203
49.581582602145055
58.511632271806526
55.339859052946636
59.570220002205055
57.61462005814535
55.7150488348226
46.24812308503869
51.50512380120814
56.3348126038519
57.85518319236594
52.638705657845854
61.80165405913053
49.93050726315081
55.77733510227171
52.77046732995855
56.08772890154613
44.409708648247424
52.241426728858265
52.83622494715786
48.66267106885478
55.90169943749474
61.57651067303722
48.448139512495445
52.83622494715786
58.74852244004855
56.764621219754666
57.79513628133234
48.947250518628046
54.07042732502778