36.70452590924207
28.746980517767234
33.850160019316505
32.914029430219166
26.614532371118855
33.95258131243894
39.528470752104745
31.291638925864312
35.05947327993772
23.863035105460586
31.512784001981732
36.609804394148
39.44053188733077
36.132472314464664
36.609804394148
39.87828704668466
34.6610572384757
30.046260628866577
38.09709816887487
36.03624718406609
40.99457958749614
35.84302194601094
35.15837184954831
42.08127057650866
30.73181485764296
31.512784001981732
33.22900339562814
37.080992435478315
29.8142396999972
41.66666666666667
39.26406329796582
35.45341231030441
37.546267753562695
35.84302194601094
33.22900339562814
26.087459737497547
35.45341231030441
41.41591213263059
35.45341231030441
34.76108935769035
27.888667551135853
25.549516194593153
30.50500869620521
46.992907266238944
32.70236145058097
33.124344857252986
37.36085295243316
34.56073558887953
31.841621957571338
37.73077140890591
30.161601784756424
38.36954811073779
34.86083443891982
44.487826050130465
38.09709816887487
29.46278254943948
36.03624718406609
36.79900360969937
30.390970881350782
29.226129861250307
33.33333333333333
24.008100484813223
38.45993586404775
33.95258131243894
30.84459253886958
29.46278254943948
29.46278254943948
33.850160019316505
33.64438206364391
39.08679799852858
31.841621957571338
26.74467755980202
47.434164902525694
27.76388541492947
39.87828704668466
40.73968853860105
24.72066162365221
36.70452590924207
44.487826050130465
36.419622305686936
43.2210082662998
34.96029493900505
41.998677227847175
35.35533905932737
39.528470752104745
29.344694769431683
42.73627134986028
39.61621441334904
34.35921354681384
36.987235035286915
36.2284418654736
37.91437722025775
36.89323936863109
31.291638925864312
33.124344857252986
41.66666666666667
40.052049468993054
28.504385627478452
44.565806523736455
34.6610572384757
35.551215012835904
31.73238794109962
33.33333333333333
32.38226537954241
40.65436972550156
26.087459737497547
44.09585518440984
31.73238794109962
33.43733774623147
50.89477161534156
37.638632635454044
31.068919803845414
41.16363011742823
25.0
37.26779962499649
38.36954811073779
30.276503540974915
28.382310609877333
35.35533905932737
39.528470752104745
28.012893856619353
30.046260628866577
35.939764421413045
34.76108935769035
24.295632895188753
30.50500869620521
25.276251480171837
27.38612787525831
34.05469456950425
30.618621784789728
39.352396510391976
35.25699300217697
34.56073558887953
40.052049468993054
36.32415786283895
30.956959368344517
29.344694769431683
38.45993586404775
39.87828704668466
34.25800798515744
31.512784001981732
29.58039891549808
34.86083443891982
34.35921354681384
23.717082451262847
32.38226537954241
27.131367660166177
38.9978631893253
31.068919803845414
42.81744192888377
40.56887148212695
22.04792759220492
43.06003560921272
30.50500869620521
33.01935459359825
31.95048252113469
41.331989225457484
38.550111687401255
33.124344857252986
28.625940062196115
33.01935459359825
32.914029430219166
29.930474993446616
31.841621957571338
37.080992435478315
31.622776601683793
33.64438206364391
33.850160019316505
45.64354645876384
31.068919803845414
29.930474993446616
33.43733774623147
43.62084109434134
36.987235035286915
27.25904538966021
41.5832498329155
37.17451337199244
36.03624718406609
26.874192494328504
35.939764421413045
33.54101966249684
33.54101966249684
26.614532371118855
26.874192494328504
25.549516194593153
33.124344857252986
28.504385627478452
27.63853991962833
25.685058345704064
30.390970881350782
22.360679774997898
23.124061542519346
22.66911751455907
23.42244887092533
27.003086243366088
25.41325113662818
29.58039891549808
23.863035105460586
21.73067468400883
22.04792759220492
18.066236157232332
22.360679774997898
25.685058345704064
33.54101966249684
34.96029493900505
17.07825127659933
29.8142396999972
28.012893856619353
32.27486121839514
39.528470752104745
24.86072315029383
28.25970826302195
24.008100484813223
22.66911751455907
44.09585518440984
26.087459737497547
29.107081994288304
33.124344857252986
32.80836614171588
34.6610572384757
37.26779962499649
28.382310609877333
25.13850521499726
35.84302194601094
33.95258131243894
31.512784001981732
36.609804394148
36.419622305686936
33.124344857252986
40.90979236211192
28.012893856619353
39.44053188733077
39.528470752104745
36.987235035286915
28.625940062196115
33.54101966249684
37.36085295243316
31.95048252113469
40.56887148212695
34.6610572384757
40.8248290463863
27.38612787525831
38.550111687401255
45.1848057057532
28.012893856619353
44.25306015783918
45.79543888011362
43.140597018482616
38.27894692618617
39.26406329796582
33.22900339562814
37.822685726367396
43.06003560921272
35.05947327993772
43.77975178854566
46.62200243566455
48.08846015417836
38.36954811073779
27.63853991962833
38.18813079129866
34.25800798515744
46.39803635691685
36.132472314464664
36.609804394148
49.37104414532875
40.311288741492746
47.72607021092117
35.35533905932737
42.65494630689909
47.798767998999956
45.71955574781734
45.41475531146237
46.32314036562432
42.16370213557839
41.16363011742823
42.49182927993987
43.77975178854566
37.17451337199244
49.51150259170982
45.64354645876384
50.27701042999452
52.30784942158405
44.95367986420393
43.140597018482616
47.653261518319326
45.94682917363407
41.499665326629106
44.17452760232858
54.006172486732176
49.44132324730442
45.64354645876384
48.66267106885478
53.29425651773161
48.37641757899998
47.798767998999956
53.29425651773161
48.160610922666294
52.50661334007788
45.94682917363407
48.87626099538394
52.17491947499509
52.77046732995855
54.13460589637239
55.83955189250318
50.82650227325636
53.619026473818046
51.43766454003654
53.554230043532094
57.191199789244976
54.262735320332354
55.65269285688
47.798767998999956
57.191199789244976
50.069396285999346
57.06964556087978
58.15448774122635
48.3045891539648
53.16379302578861
50.20790110464023
53.74838498865701
47.28753653037036
57.55432216610669
57.433536467042586
55.65269285688
51.37011669140813
62.36095644623235
49.581582602145055
53.09844107357997
56.88682721958671
61.29391849477764
57.06964556087978
60.20797289396148
65.51081335677848
64.71089552772392
55.65269285688
65.88078458684123
57.25188012439223
69.87091272084861
58.452259722500614
64.17207769392819
64.11794687223782
62.249497989943656
61.01001739241042
57.433536467042586
60.380736442456
56.396414385628766
63.08063622591854
57.97509043642029
62.804812271389245
65.88078458684123
64.00954789890505
56.27314338711378
60.265615772548486
59.39509893735154
63.46477588219924
57.91516784631351
59.39509893735154
61.18051614325884
62.30525214172914
59.86094998689323
65.35161308899218
61.12373606964082
57.008771254956905
55.46520430764579
58.333333333333336
62.970451624375215
62.86007388548703
61.96997480859402
60.724789007455605
60.092521257733154
62.249497989943656
59.68668193156661
61.01001739241042
62.249497989943656
60.781941762701564
59.802917060030516
66.51023313078305
67.18548123582124
64.44204976393735
60.150274775395296
58.21416398857661
66.45800679125628
61.57651067303722
64.76453075908482
59.86094998689323
62.36095644623235
59.97684738482193
60.20797289396148
64.65721580423607
61.3505410643532
68.1093891390085
60.61032181989393
63.025568003963464
60.724789007455605
64.44204976393735
64.81812160876686
63.13565641625271
60.20797289396148
60.49563804293846
70.71067811865474
64.60349147771434
72.4568837309472
57.312496213498
64.54972243679028
59.97684738482193
61.18051614325884
57.433536467042586
63.62869722940358
56.88682721958671
67.49485577105528
59.97684738482193
58.86661004149787
58.511632271806526
64.33419688539594
62.583277851728624
64.28020258558963
67.08203932499369
59.570220002205055
60.438214548229155
58.92556509887896
65.82805886043833
60.438214548229155
63.90096504226938
63.955279514499644
60.95307849303248
61.74544517614235
62.69414291268009
61.12373606964082
55.52777082985894
67.08203932499369
61.12373606964082
65.13874081954269
63.79219736334879
64.9786289653931
59.6284793999944
64.33419688539594
62.970451624375215
65.93346814950827
59.91892670749183
60.092521257733154
66.35343079131461
67.90516262487787
59.45352993912323
62.915286960589576
67.08203932499369
68.9706056551952
65.19202405202648
58.570944636018595
62.970451624375215
65.35161308899218
64.06377031260857
65.51081335677848
65.13874081954269
57.25188012439223
62.02598021976132
61.913918736689034
63.30043004944314
64.22616289332565
63.683243915142675
59.744827763116405
59.16079783099616
62.970451624375215
68.51601597031488
67.18548123582124
64.17207769392819
64.49590856963115
70.21791477646966
65.82805886043833
65.19202405202648
60.438214548229155
59.91892670749183
59.39509893735154
63.84660436459318
66.30108093638695
61.74544517614235
64.54972243679028
61.46362971528592
59.86094998689323
57.55432216610669
64.81812160876686
63.574103742535506
61.913918736689034
68.36381433997894
64.9786289653931
60.32320356951285
59.10207742165715
59.802917060030516
56.58081732255985
66.19625702745167
59.16079783099616
57.37304826019501
67.08203932499369
56.764621219754666
56.27314338711378
64.17207769392819
67.08203932499369
58.034951154933836
66.77075208003377
67.28876412728782
64.87166818676188
63.245553203367585
63.73774391990982
63.90096504226938
62.63873490988712
64.71089552772392
58.74852244004855
62.69414291268009
59.16079783099616
64.65721580423607
62.915286960589576
65.08541396588879
54.77225575051662
66.0387091871965
64.81812160876686
65.45778962218493
61.74544517614235
64.49590856963115
61.80165405913053
65.72248051043451
61.12373606964082
70.11894655987544
60.61032181989393
64.38814590693953
63.73774391990982
64.92517060260819
66.24868971450597
64.22616289332565
64.00954789890505
64.76453075908482
61.913918736689034
62.41661103691335
61.80165405913053
61.74544517614235
59.744827763116405
65.56379420923648
60.32320356951285
63.08063622591854
65.66962768281849
58.63019699779287
60.55300708194983
58.333333333333336
63.245553203367585
64.49590856963115
58.034951154933836
59.45352993912323
56.3348126038519
59.68668193156661
59.45352993912323
59.744827763116405
66.19625702745167
65.19202405202648
64.9786289653931
62.249497989943656
61.74544517614235
61.68918507773916
56.396414385628766
63.84660436459318
60.32320356951285
56.3348126038519
60.438214548229155
57.85518319236594
64.81812160876686
64.22616289332565
56.6421515598881
58.74852244004855
59.04329861306118
61.01001739241042
62.63873490988712
65.88078458684123
60.839040828146594
57.735026918962575
66.35343079131461
62.13783960769083
69.37218462755803
67.95627679291704
62.36095644623235
61.80165405913053
60.95307849303248
67.03025850730069
67.28876412728782
65.19202405202648
70.4154339142587
60.839040828146594
60.32320356951285
55.339859052946636
66.14378277661477
62.30525214172914
60.380736442456
71.05357915764068
67.08203932499369
67.90516262487787
61.520096084305834
59.802917060030516
63.46477588219924
57.85518319236594
65.88078458684123
63.30043004944314
62.74950199005567
66.45800679125628
59.802917060030516
55.963777967936046
64.28020258558963
64.9786289653931
63.79219736334879
63.46477588219924
65.82805886043833
62.69414291268009
66.51023313078305
63.08063622591854
59.802917060030516
66.14378277661477
62.86007388548703
59.16079783099616
65.72248051043451
67.85400995274094
69.6219952473514
63.683243915142675
69.3221144769514
66.0387091871965
61.68918507773916
65.03204338375556
61.520096084305834
67.85400995274094
68.1093891390085
67.64901247534135
69.87091272084861
68.00735254367721
63.683243915142675
66.14378277661477
61.57651067303722
58.452259722500614
61.18051614325884
64.76453075908482
70.21791477646966
65.66962768281849
61.3505410643532
67.23714251314769
64.92517060260819
67.49485577105528
68.86984503798129
63.62869722940358
58.86661004149787
63.46477588219924
62.915286960589576
68.21127309893708
69.47221666888778
69.82120021884471
73.50359023733316
68.51601597031488
62.30525214172914
66.30108093638695
66.97843765803371
68.66788024817555
62.915286960589576
59.336610396393
65.56379420923648
64.87166818676188
72.69609495854796
64.38814590693953
69.37218462755803
71.87952884282609
69.02093080282884
72.60050504874835
69.9205898780101
74.25556469981821
75.59945620027818
64.65721580423607
68.21127309893708
72.74384280931731
74.58216945088148
71.97607627229728
79.8000974658274
78.88106377466154
71.39483330201298
78.92506995034383
76.55789385237235
71.34618264334664
71.49203529842406
73.40905181848414
71.83120646503318
73.88053419767168
79.49493345141214
79.01300877422374
71.83120646503318
74.53559924999298
71.54058677111584
80.70866675202167
68.86984503798129
77.45966692414834
77.6387646590141
75.9202798262025
74.39571373555215
70.4154339142587
81.77713616898062
77.45966692414834
75.46154281781182
81.18052585305037
75.13876052566567
76.37626158259732
77.32507139774697
78.43964417166728
73.97447007057383
75.0
75.18495712426642
75.23112535528246
76.87471770499208
79.58224257542214
76.46713164636309
76.73909622147558
74.39571373555215
77.10022337480251
72.50478911385403
74.11515064786386
71.29749878735812
70.06941003192637
78.88106377466154
69.57210488247267
73.73940601876313
72.50478911385403
79.45124291035351
74.86098227158568
76.1030003788725
70.06941003192637
78.21800020171543
72.16878364870323
77.41482774995728
74.30231041719586
72.02430145443967
79.14473380389177
77.10022337480251
74.86098227158568
76.28528327563872
72.36097782030804
73.83352144445561
75.59945620027818
74.34902674398488
73.59800721939874
79.62586123727502
70.36610610861517
76.9198717280955
77.28015412913086
73.645170317619
77.50448015724281
76.64854858377946
77.72815877574013
68.36381433997894
76.64854858377946
71.73446405552447
71.49203529842406
65.08541396588879
72.1206550780627
71.39483330201298
67.13378020374277
70.95577652469335
72.4568837309472
75.59945620027818
71.92781875680029
72.26494462892933
66.71872967082699
61.40711142313513
74.53559924999298
69.9205898780101
73.40905181848414
68.0583899636514
68.9706056551952
78.21800020171543
70.31674369909662
75.09253550712539
76.37626158259732
68.00735254367721
72.55266286559639
71.49203529842406
69.42221866552843
74.25556469981821
73.73940601876313
78.39536550927825
78.79297769048542
72.83924461137387
74.67522272406617
71.92781875680029
76.0573613940309
76.33078598369659
78.35106182362105
79.27623996016852
69.42221866552843
70.46472718869902
75.41551564499179
77.72815877574013
72.74384280931731
71.34618264334664
76.28528327563872
75.69125885243729
76.82953714410739
72.4568837309472
77.28015412913086
81.09493750468576
73.45633623679672
80.70866675202167
79.8000974658274
77.36996258956773
78.74889769951633
74.34902674398488
75.09253550712539
81.81958472422384
75.13876052566567
75.55351304428758
79.75657409336932
78.04023178962105
83.2082394424441
81.56456202161438
73.88053419767168
75.59945620027818
74.16198487095663
78.70479302078395
79.75657409336932
71.20003121097942
74.20878953631062
71.68604389202189
74.20878953631062
76.33078598369659
76.1030003788725
71.29749878735812
76.28528327563872
70.06941003192637
77.68347457614279
74.9073501808141
75.46154281781182
70.80881928749334
79.53859999326673
73.59800721939874
75.87453093393358
71.39483330201298
77.6387646590141
77.6387646590141
70.11894655987544
72.6483157256779
72.93452162347022
70.5632104333885
73.645170317619
70.5632104333885
79.05694150420949
74.06828681096323
71.34618264334664
76.19419633774974
76.42171012073582
71.39483330201298
76.19419633774974
75.27726527090809
75.27726527090809
80.23403267940607
77.45966692414834
76.60323462854265
73.59800721939874
78.21800020171543
80.19074482479606
79.53859999326673
77.10022337480251
73.3617369235792
75.50754193382863
69.9205898780101
74.30231041719586
69.57210488247267
75.55351304428758
78.08471183414986
74.86098227158568
70.90682462060882
68.41458583924597
68.00735254367721
74.86098227158568
68.1093891390085
69.77145229644826
62.52777160768023
66.14378277661477
69.17168656482379
66.56241849238619
77.41482774995728
68.86984503798129
72.93452162347022
76.78432999859629
75.18495712426642
70.36610610861517
71.83120646503318
76.42171012073582
74.25556469981821
74.9536894058962
73.55081387872076
72.69609495854796
77.86205751198719
73.12470322826769
74.53559924999298
76.0116950066092
74.39571373555215
78.21800020171543
71.39483330201298
76.87471770499208
72.79155933974153
69.9205898780101
70.95577652469335
71.10243002567181
76.55789385237235
73.78647873726219
73.12470322826769
76.14861201040445
74.20878953631062
77.0551750371122
73.31439149307592
74.81458562487813
79.62586123727502
76.73909622147558
74.81458562487813
73.83352144445561
76.78432999859629
77.36996258956773
72.21688014431096
73.97447007057383
74.34902674398488
73.83352144445561
79.23242882669808
77.23521073822339
79.18859345469733
73.17217139505064
77.81745019952501
73.219608788296
70.95577652469335
71.29749878735812
69.07121928367367
66.82273398909818
72.4568837309472
70.51398600435394
75.87453093393358
74.06828681096323
68.86984503798129