27.25904538966021
35.551215012835904
46.24812308503869
22.51542681017716
54.198708471696996
22.204854324123712
44.79893351905204
43.2210082662998
51.16693811002917
41.07919181288746
49.581582602145055
43.30127018922194
44.565806523736455
46.32314036562432
40.8248290463863
42.49182927993987
48.733971724044814
54.77225575051662
44.487826050130465
55.963777967936046
72.26494462892933
65.35161308899218
64.81812160876686
75.0
69.27200813540134
67.59766596891083
74.9073501808141
67.44339190099437
66.77075208003377
78.70479302078395
73.07720422797918
91.09671295448103
76.60323462854265
79.01300877422374
77.81745019952501
80.32053840014328
75.18495712426642
74.9536894058962
76.33078598369659
67.59766596891083
75.55351304428758
70.5632104333885
63.46477588219924
51.37011669140813
63.62869722940358
65.61673228343176
66.14378277661477
58.392826804516176
65.19202405202648
60.150274775395296
72.6483157256779
73.73940601876313
75.46154281781182
75.55351304428758
74.72170590486633
77.0551750371122
70.31674369909662
78.8370330351021
80.70866675202167
74.02139330400819
75.0
73.26701546777755
76.0116950066092
72.31297716638879
73.02967433402215
72.6483157256779
78.52812659593164
77.01010034765282
77.01010034765282
64.00954789890505
75.46154281781182
75.59945620027818
74.25556469981821
79.8000974658274
74.53559924999298
75.13876052566567
81.05210943858552
80.23403267940607
78.08471183414986
76.0116950066092
78.35106182362105
78.96905160321423
81.30873945100312
81.4793770772021
80.53639618899714
80.49327094028834
77.86205751198719
78.04023178962105
81.56456202161438
77.77281730213397
79.32002689527195
78.74889769951633
83.79041313499614
79.36378967206083
83.29165624478841
82.66397845091497
82.87373260301213
85.47254269972056
87.08233651742088
83.91463916782736
84.69717298181276
80.36375634160797
84.24501304066742
84.57409637576849
83.70749335898456
84.65616732800197
79.49493345141214
82.36942528767712
80.66563360220042
87.40073734751263
87.71798244627179
82.32726023485645
85.30989261379818
88.23107288377616
89.94597143717876
93.83792173506164
99.1981742663532
99.1981742663532
99.1981742663532
100.0
93.68979548370132
87.36100070651918
93.50430768448882
87.44045593049782
81.94679845959682
74.11515064786386
82.24286527650219
83.70749335898456
79.53859999326673
78.48389785314069
80.66563360220042
79.36378967206083
78.74889769951633
73.73940601876313
67.44339190099437
69.6219952473514
68.9706056551952
70.66155641900025
63.73774391990982
66.0912668629945
68.51601597031488
68.66788024817555
65.56379420923648
65.29846008053244
67.03025850730069
66.24868971450597
70.90682462060882
66.77075208003377
60.839040828146594
61.40711142313513
67.03025850730069
61.96997480859402
63.683243915142675
62.915286960589576
66.35343079131461
65.29846008053244
64.54972243679028
65.24526377021128
66.0387091871965
64.81812160876686
63.683243915142675
61.96997480859402
66.24868971450597
64.06377031260857
61.913918736689034
60.781941762701564
63.51946333386501
65.13874081954269
61.18051614325884
61.3505410643532
65.72248051043451
64.44204976393735
63.245553203367585
67.44339190099437
66.87467549246294
64.17207769392819
66.87467549246294
67.49485577105528
68.61729616746301
69.77145229644826
70.01983845866668
69.12147117775906
68.51601597031488
67.80281868935997
66.61456297237113
70.11894655987544
67.28876412728782
65.88078458684123
70.66155641900025
67.85400995274094
63.79219736334879
64.33419688539594
66.56241849238619
68.1093891390085
71.0046946804693
69.02093080282884
70.06941003192637
66.51023313078305
70.01983845866668
69.3221144769514
69.6219952473514
66.51023313078305
67.08203932499369
64.28020258558963
66.19625702745167
68.41458583924597
67.03025850730069
64.22616289332565
64.38814590693953
64.28020258558963
65.93346814950827
65.35161308899218
65.61673228343176
68.31300510639733
65.98610964943052
64.28020258558963
63.73774391990982
63.73774391990982
62.36095644623235
66.77075208003377
65.82805886043833
63.683243915142675
67.28876412728782
69.47221666888778
64.92517060260819
63.955279514499644
64.17207769392819
63.46477588219924
64.06377031260857
61.80165405913053
61.913918736689034
63.41004126582267
64.22616289332565
60.380736442456
61.29391849477764
59.511903571190416
60.781941762701564
60.724789007455605
59.278064145929136
56.825757070774394
58.68938953886337
60.95307849303248
61.40711142313513
56.5194165260439
57.37304826019501
57.85518319236594
56.94783187756629
60.95307849303248
56.14960175974338
57.61462005814535
58.09475019311125
55.0883129367947
58.273779123490286
56.3348126038519
55.214229244924816
56.02578771323871
60.092521257733154
56.14960175974338
62.02598021976132
57.37304826019501
59.04329861306118
58.86661004149787
54.64532103585
58.570944636018595
59.86094998689323
60.95307849303248
46.097722286464446
60.89608635481704
57.735026918962575
54.006172486732176
57.008771254956905
55.214229244924816
56.70341945401333
55.65269285688
61.01001739241042
57.191199789244976
58.09475019311125
60.380736442456
57.008771254956905
56.27314338711378
62.30525214172914
59.336610396393
60.20797289396148
61.18051614325884
61.520096084305834
62.63873490988712
61.3505410643532
58.74852244004855
61.40711142313513
56.88682721958671
55.65269285688
59.39509893735154
61.18051614325884
64.06377031260857
65.66962768281849
60.49563804293846
61.12373606964082
63.73774391990982
68.21127309893708
60.55300708194983
64.11794687223782
59.39509893735154
59.570220002205055
61.913918736689034
60.265615772548486
60.20797289396148
61.40711142313513
62.02598021976132
60.03471218109292
61.63287362366866