1380.0
1350.0
3015.0
3196.0
3847.0
4749.0
4692.0
2479.0
1497.0
12476.0
14327.0
4809.0
5803.0
11348.0
4751.0
11206.0
13206.0
3577.0
9176.0
10935.0
8997.0
8793.0
7497.0
6385.0
5507.0
4575.0
4775.0
14881.0
10115.0
18037.0
6497.0
13216.0
2403.0
7189.0
9618.0
5643.0
11033.0
2688.0
8356.0
9072.0
2605.0
13794.0
10381.0
5296.0
10740.0
7982.0
2521.0
2712.0
15256.0
10065.0
13212.0
5490.0
17622.0
18980.0
4196.0
4785.0
1441.0
4998.0
7495.0
6331.0
8360.0
4003.0
17985.0
7458.0
8759.0
0
9594.0
10308.0
13813.0
5986.0
5679.0
4571.0
11503.0
3458.0
5502.0
11780.0
11346.0
13482.0
8508.0
11332.0
12324.0
10251.0
8442.0
18381.0
12868.0
20183.0
10787.0
12334.0
3655.0
4663.0
9030.0
3992.0
5643.0
7721.0
7766.0
7078.0
7546.0
16314.0
11322.0
15506.0
25976.0
7934.0
13826.0
5224.0
2287.0
6634.0
3934.0
10424.0
0
10069.0
12136.0
4471.0
10528.0
15461.0
6887.0
8626.0
0
6254.0
6746.0
8146.0
2643.0
1986.0
1010.0
6297.0
17618.0
4373.0
3946.0
14894.0
7234.0
6072.0
4151.0
19883.0
7328.0
9390.0
16026.0
5472.0
8789.0
6615.0
7814.0
8325.0
10209.0
2946.0
13180.0
8653.0
10740.0
5542.0
3803.0
16014.0
9455.0
1773.0
18243.0
11635.0
11659.0
13450.0
3848.0
6504.0
20486.0
9226.0
10503.0
3599.0
10258.0
9438.0
12128.0
3897.0
2866.0
4746.0
8887.0
9418.0
7800.0
9439.0
12195.0
6850.0
2619.0
8501.0
13621.0
5460.0
11417.0
1419.0
6261.0
7710.0
5373.0
6936.0
6186.0
9325.0
9244.0
7718.0
5856.0
8650.0
7344.0
9077.0
14477.0
0
13703.0
2584.0
2058.0
4090.0
3600.0
6436.0
6121.0
10298.0
8141.0
13414.0
10425.0
7994.0
11498.0
4580.0
10683.0
3182.0
7375.0
2816.0
12978.0
14650.0
7508.0
8021.0
10300.0
5695.0
6883.0
2768.0
13507.0
14341.0
2122.0
12074.0
4680.0
4359.0
7291.0
4782.0
4116.0
12811.0
5112.0
3682.0
0
8125.0
6926.0
3123.0
7227.0
9560.0
9896.0
8631.0
14649.0
7237.0
6908.0
10019.0
5365.0
5211.0
9309.0
5173.0
9430.0
6876.0
5942.0
9457.0
8699.0
9784.0
6514.0
5801.0
6926.0
5154.0
5422.0
7901.0
9136.0
0
0
9484.0
10125.0
3617.0
7980.0
8924.0
9140.0
15853.0
10765.0
8616.0
1011.0
11907.0
10022.0
8049.0
12131.0
5523.0
10256.0
10625.0
9117.0
13969.0
15358.0
4258.0
15270.0
18864.0
6547.0
5967.0
11332.0
2676.0
5452.0
9297.0
2877.0
3277.0
5945.0
5640.0
0
0
7125.0
1022.0
3821.0
1065.0
0
0
3038.0
2596.0
13245.0
7975.0
12511.0
12881.0
10939.0
11659.0
17153.0
4532.0
7135.0
4284.0
8248.0
19490.0
8059.0
17901.0
17803.0
21609.0
15088.0
7228.0
10039.0
11055.0
14682.0
10763.0
7703.0
15414.0
13075.0
14301.0
8671.0
10239.0
10455.0
1848.0
11550.0
10497.0
9953.0
13673.0
13373.0
24343.0
14271.0
8791.0
6244.0
10122.0
18382.0
13640.0
13767.0
8763.0
6279.0
17359.0
13713.0
8164.0
11837.0
17586.0
20035.0
19274.0
7033.0
10962.0
19255.0
9679.0
13993.0
5369.0
15736.0
12267.0
17791.0
19890.0
15862.0
16971.0
14159.0
9758.0
20344.0
13877.0
12920.0
8851.0
15297.0
20565.0
19121.0
21053.0
8354.0
7642.0
11424.0
4210.0
8344.0
7931.0
11184.0
4074.0
6862.0
13524.0
11390.0
18376.0
10749.0
21556.0
22374.0
8028.0
19057.0
16367.0
14949.0
16094.0
14979.0
6519.0
15232.0
13695.0
14407.0
18010.0
5090.0