71.73446405552447
59.68668193156661
60.66758241067098
60.724789007455605
62.19369385681763
60.49563804293846
63.51946333386501
62.74950199005567
62.249497989943656
65.82805886043833
61.237243569579455
56.08772890154613
61.68918507773916
54.70882520723285
56.02578771323871
63.62869722940358
60.95307849303248
54.326686710022074
56.3348126038519
67.59766596891083
57.85518319236594
56.14960175974338
60.092521257733154
63.73774391990982
59.570220002205055
62.30525214172914
59.45352993912323
58.74852244004855
56.70341945401333
64.76453075908482
52.83622494715786
58.80759588125783
50.55250296034367
59.68668193156661
57.13045500334203
57.312496213498
56.70341945401333
63.245553203367585
59.802917060030516
54.390562906935735
55.90169943749474
60.265615772548486
59.10207742165715
56.02578771323871
54.9621081594705
51.50512380120814
58.452259722500614
60.438214548229155
47.653261518319326
49.51150259170982
53.74838498865701
54.326686710022074
56.21140651346684
57.06964556087978
53.94184110894086
53.87743291748205
56.3348126038519
61.74544517614235
59.802917060030516
64.92517060260819
63.08063622591854
52.572700985291675
60.839040828146594
47.72607021092117
57.735026918962575
45.64354645876384
44.409708648247424
44.331453594234624
34.15650255319866
53.16379302578861
47.58034141206733
49.651563699220766
62.583277851728624
56.764621219754666
50.41494487418058
55.15130702591432
56.94783187756629
52.04164998665332
64.60349147771434
58.86661004149787
61.85781186631879
65.88078458684123
58.74852244004855
59.219460014799566
66.97843765803371
64.9786289653931
63.355259362494046
56.396414385628766
59.68668193156661
61.57651067303722
61.74544517614235
65.66962768281849
62.41661103691335
62.472216046637705
60.438214548229155
60.55300708194983
62.02598021976132
62.02598021976132
55.15130702591432
58.034951154933836
61.40711142313513
64.06377031260857
64.60349147771434
60.265615772548486
56.3348126038519
58.452259722500614
56.94783187756629
52.572700985291675
64.65721580423607
60.092521257733154
61.74544517614235
61.520096084305834
65.56379420923648
59.04329861306118
61.3505410643532
58.392826804516176
57.25188012439223
63.025568003963464
55.83955189250318
69.67184988692826
58.392826804516176
63.025568003963464
63.90096504226938
57.79513628133234
59.86094998689323
60.20797289396148
61.96997480859402
59.570220002205055
57.55432216610669
61.3505410643532
63.51946333386501
64.44204976393735
58.034951154933836
65.66962768281849
61.06690320187087
55.90169943749474
58.392826804516176
58.034951154933836
61.01001739241042
61.46362971528592
65.35161308899218
59.91892670749183
61.237243569579455
64.9786289653931
63.73774391990982
61.18051614325884
55.214229244924816
64.11794687223782
59.39509893735154
63.46477588219924
65.56379420923648
64.00954789890505
58.333333333333336
64.06377031260857
65.72248051043451
66.30108093638695
71.29749878735812
64.71089552772392
61.12373606964082
62.52777160768023
60.49563804293846
67.64901247534135
59.278064145929136
65.19202405202648
64.87166818676188
60.380736442456
62.74950199005567
61.63287362366866
57.55432216610669
63.30043004944314
63.025568003963464
65.13874081954269
66.24868971450597
55.65269285688
56.45794895318107
59.68668193156661
63.574103742535506
62.804812271389245
64.9786289653931
63.190628700429585
65.82805886043833
61.96997480859402
59.10207742165715
62.249497989943656
62.19369385681763
62.63873490988712
62.249497989943656
59.511903571190416
59.45352993912323
61.237243569579455
59.511903571190416
67.18548123582124
62.86007388548703
61.46362971528592
68.0583899636514
60.66758241067098
65.56379420923648
70.11894655987544
61.01001739241042
60.265615772548486
63.574103742535506
59.68668193156661
61.18051614325884
64.33419688539594
59.511903571190416
61.80165405913053
56.3348126038519
55.27707983925666
62.249497989943656
61.57651067303722
61.68918507773916
62.915286960589576
62.69414291268009
58.570944636018595
61.46362971528592
64.60349147771434
63.73774391990982
60.438214548229155
60.95307849303248
61.29391849477764
56.14960175974338
62.13783960769083
63.08063622591854
64.87166818676188
70.51398600435394
58.9844612306213
67.08203932499369
58.392826804516176
65.56379420923648
62.472216046637705
57.79513628133234
56.27314338711378
57.735026918962575
59.511903571190416
63.30043004944314
65.29846008053244
69.9205898780101
61.06690320187087
60.150274775395296
59.16079783099616
61.40711142313513
60.20797289396148
55.77733510227171
64.65721580423607
62.86007388548703
60.438214548229155
58.452259722500614
60.265615772548486
60.839040828146594
59.10207742165715
56.08772890154613
56.27314338711378
57.008771254956905
62.69414291268009
66.0912668629945
58.392826804516176
67.70032003863301
59.91892670749183
66.14378277661477
60.89608635481704
64.54972243679028
74.25556469981821
62.915286960589576
74.67522272406617
68.31300510639733
59.68668193156661
57.008771254956905
57.25188012439223
54.07042732502778
60.32320356951285
62.52777160768023
54.581742979376045
55.40256712864887
55.52777082985894
55.15130702591432
53.94184110894086
55.963777967936046
60.66758241067098
64.44204976393735
62.86007388548703
58.74852244004855
61.68918507773916
60.89608635481704
58.21416398857661
62.08193510729725
58.21416398857661
56.825757070774394
59.39509893735154
58.74852244004855
61.96997480859402
62.249497989943656
65.72248051043451
73.78647873726219
70.51398600435394
78.39536550927825
76.69383576562359
85.02450627123139
77.19024117939607
76.73909622147558
71.68604389202189
75.23112535528246
88.81941729649485
72.26494462892933
68.5666747690807
60.724789007455605
59.86094998689323
56.88682721958671
67.08203932499369
57.55432216610669
58.80759588125783
60.32320356951285
59.86094998689323
59.744827763116405
65.45778962218493
60.380736442456
57.735026918962575
60.32320356951285
58.333333333333336
61.237243569579455
61.12373606964082
57.79513628133234
59.10207742165715
60.839040828146594
60.092521257733154
60.49563804293846
56.88682721958671
63.025568003963464
58.273779123490286
61.63287362366866
56.5194165260439
65.77529086890371
65.19202405202648
63.73774391990982
68.00735254367721
60.03471218109292
61.520096084305834
60.20797289396148
64.17207769392819
61.520096084305834
63.41004126582267
60.66758241067098
64.33419688539594
65.08541396588879
58.86661004149787
62.02598021976132
60.380736442456
58.92556509887896
58.80759588125783
68.26215805424131
60.150274775395296
62.08193510729725
59.45352993912323
60.092521257733154
65.03204338375556
62.36095644623235
61.12373606964082
67.28876412728782
64.65721580423607
54.51809077932042
61.40711142313513
61.913918736689034
63.13565641625271
63.30043004944314
61.80165405913053
57.61462005814535
56.6421515598881
61.85781186631879
59.511903571190416
59.802917060030516
61.3505410643532
57.91516784631351
60.265615772548486
61.96997480859402
57.79513628133234
60.438214548229155
61.913918736689034
62.36095644623235
67.28876412728782
64.44204976393735
74.02139330400819
77.23521073822339
75.59945620027818
77.77281730213397
71.68604389202189
72.26494462892933
73.50359023733316
72.98211348603772
64.17207769392819
63.62869722940358
64.87166818676188
68.66788024817555
60.49563804293846
65.66962768281849
58.63019699779287
64.49590856963115
59.45352993912323
64.33419688539594
64.17207769392819
63.79219736334879
63.683243915142675
60.092521257733154
61.63287362366866
65.35161308899218
63.08063622591854
66.56241849238619
