30.95695937
26.2202212
23.27373341
20.0693243
31.512784
33.01935459
22.51542681
32.27486122
34.96029494
22.51542681
27.00308624
26.08745974
34.76108936
27.76388541
21.88987589
33.74742789
21.40872096
36.03624718
18.63389981
17.67766953
25.54951619
22.66911751
31.84162196
35.64874939
24.15229458
24.4381305
22.51542681
33.43733775
21.08185107
26.61453237
17.67766953
21.24591464
19.36491673
33.01935459
23.12406154
21.57029851
13.43709625
16.45701472
23.57022604
17.87300882
18.81931632
16.45701472
16.45701472
22.36067977
21.08185107
26.48374764
20.91650066
26.87419249
28.13657169
16.66666667
30.5050087
20.24159634
27.00308624
34.66105724
40.31128874
37.73077141
42.73627135
34.15650255
33.74742789
32.91402943
33.64438206
32.27486122
32.16709844
44.64365079
44.79893352
44.79893352
38.9087251
39.61621441
44.64365079
43.77975179
31.84162196
32.05897344
34.86083444
38.99786319
49.5815826
43.85899122
44.25306016
45.03085362
29.22612986
35.84302195
43.54116826
39.17553091
36.89323937
41.66666667
46.17298392
35.74601765
38.0058475
25.27625148
45.56741038
30.39097088
46.54746681
43.14059702
39.96526269
37.08099244
44.1745276
39.87828705
39.79112129
46.77071733
45.49114688
47.21405158
44.87637339
42.49182928
42.24597285
48.94725052
46.39803636
41.91592113
46.99290727
37.45367509
42.08127058
34.05469457
44.56580652
37.36085295
44.56580652
49.01813723
40.31128874
46.47281165
49.15960401
46.54746681
45.10789534
47.87135539
44.1745276
47.14045208
49.44132325
48.37641758
48.01620097
47.50730938
48.37641758
41.33198923
36.13247231
47.65326152
37.73077141
41.07919181
36.89323937
44.56580652
45.87119648
48.30458915
47.72607021
43.30127019
47.4341649
43.77975179
49.86091767
48.51975543
40.56887148
45.64354646
52.96749527
47.58034141
50.13869652
50.75814111
42.49182928
50.89477162
52.10832734
57.49396104
48.876261
48.876261
52.24142673
50.2079011
55.46520431
45.87119648
51.84110338
44.56580652
46.17298392
49.15960401
47.4341649
48.66267107
44.01704215
43.85899122
46.54746681
52.10832734
51.9748871
48.94725052
48.08846015
46.84489774
51.90803834
51.84110338
59.57022
56.3348126
51.77408189
53.55423004
49.5815826
51.43766454
46.91896087
49.44132325
48.66267107
48.66267107
57.19119979
55.65269286
52.83622495
56.64215156
66.51023313
59.39509894
61.29391849
61.12373607
61.18051614
60.61032182
55.46520431
60.15027478
62.30525214
57.61462006
56.14960176
60.49563804
59.39509894
60.83904083
55.46520431
61.68918508
63.68324392
67.34034617
59.86094999
61.52009608
66.35343079
62.47221605
60.32320357
52.57270099
60.72478901
63.1906287
51.70697352
61.80165406
62.36095645
57.43353647
60.61032182
55.21422924
59.3366104
60.89608635
65.13874082
68.36381434
62.91528696
62.97045162
57.79513628
60.49563804
65.66962768
62.74950199
64.17207769
60.89608635
65.61673228
67.1337802
62.86007389
61.01001739
62.74950199
59.6284794
59.57022
61.96997481
65.61673228
63.68324392
65.13874082
62.80481227
61.29391849
64.54972244
59.97684738
65.4047229
60.83904083
64.44204976
64.06377031
64.28020259
60.49563804
61.0669032
62.52777161
58.630197
62.52777161
60.03471218
67.23714251
61.91391874
66.03870919
67.85400995
58.86661004
65.72248051
56.45794895
61.80165406
62.30525214
57.130455
63.84660436
61.40711142
64.38814591
63.79219736
66.30108094
56.64215156
63.73774392
62.47221605
61.0669032
60.72478901
62.36095645
62.47221605
61.52009608
61.18051614
59.39509894
58.45225972
60.78194176
61.01001739
68.36381434
64.28020259
64.49590857
60.15027478
64.17207769
64.11794687
66.51023313
64.11794687
61.40711142
61.18051614
62.63873491
63.46477588
67.34034617
63.51946333
62.52777161
57.31249621
64.44204976
63.51946333
64.06377031
63.90096504
61.01001739
64.71089553
68.97060566
58.15448774
58.27377912
65.13874082
59.97684738
63.73774392
59.97684738
60.72478901
66.09126686
61.80165406
58.74852244
63.95527951
64.49590857
63.57410374
65.08541397
60.78194176
63.57410374
60.15027478
59.68668193
61.74544518
63.1906287
63.46477588
61.80165406
60.95307849
61.74544518
71.44345083
60.26561577
63.025568
61.74544518
68.2112731
64.81812161
63.08063623
62.08193511
64.33419689
68.41458584
64.22616289
68.31300511
61.57651067
61.80165406
64.54972244
62.91528696
64.97862897
61.29391849
65.24526377
64.33419689
68.41458584
61.57651067
61.35054106
64.22616289
65.98610965
64.0095479
64.97862897
65.03204338
55.02524673
63.35525936
58.86661004
57.67485491
63.08063623
61.29391849
60.38073644
60.55300708
63.73774392
62.97045162
64.44204976
61.23724357
68.61729617
64.33419689
62.02598022
59.86094999
66.19625703
58.09475019
63.1906287
68.61729617
63.95527951
63.35525936
57.97509044
62.24949799
62.91528696
64.28020259
64.33419689
65.29846008
68.56667477
60.55300708
59.91892671
61.18051614
66.03870919
66.09126686
61.40711142
66.82273399
60.83904083
68.36381434
61.40711142
67.1337802
62.58327785
56.82575707
59.51190357
63.35525936
59.6284794
61.52009608
59.68668193
63.84660436
61.91391874
63.84660436
62.74950199
62.36095645
59.91892671
62.86007389
52.96749527
61.80165406
57.61462006
62.74950199
56.82575707
55.02524673
59.86094999
58.630197
59.04329861
60.09252126
62.36095645
59.57022
57.06964556
57.43353647
60.89608635
59.91892671
62.86007389
61.63287362
58.03495115
58.09475019
61.40711142
59.45352994
61.01001739
62.41661104
61.40711142
62.63873491
67.95627679
59.57022
66.19625703
70.513986
66.30108094
71.44345083
68.56667477
64.54972244
68.97060566
60.55300708
64.81812161
65.51081336
64.44204976
65.88078459
65.4047229
56.88682722
63.95527951
54.58174298
58.68938954
59.39509894
67.75158875
69.87091272
76.8747177
64.87166819
69.72166888
57.73502692
67.70032004
72.93452162
71.78285156
79.97395409
62.36095645
65.08541397
62.97045162
67.59766597
75.64537145
74.16198487
76.14861201
79.88707307
73.45633624
78.83703304
79.40752833
76.78433
74.16198487
64.9251706
68.56667477
69.37218463
73.07720423
65.08541397
69.32211448
70.66155642
68.16035016
71.24878167
67.34034617
62.74950199
62.08193511
63.13565642
73.45633624
68.26215805
65.98610965
64.33419689
75.73711845
63.84660436
63.46477588
65.56379421
65.72248051
62.91528696
65.08541397
63.68324392
65.45778962
65.03204338
63.13565642
61.80165406
62.13783961
64.0095479
70.90682462
62.08193511
71.87952884
67.28876413
66.61456297
63.30043005
79.40752833
68.97060566
66.35343079
79.45124291
76.42171012
75.87453093
76.05736139
74.58216945
83.79041313
74.67522272
76.55789385
72.60050505
81.13774296
82.32726023
79.18859345
76.37626158
78.35106182
70.3167437
73.64517032
78.30673307
74.86098227
79.23242883
77.54926749
72.50478911
71.637591
70.21791478
68.36381434
69.22186552
67.75158875
69.32211448
68.31300511
72.21688014
63.46477588
71.29749879
72.83924461
69.07121928
75.64537145
75.36946036
73.97447007
72.88689869
70.3167437
69.42221867
71.34618264
72.79155934
68.41458584
71.97607627
74.53559925
72.55266287
69.97023177
68.61729617
69.57210488
72.40894665
70.66155642
71.87952884
72.45688373
68.56667477
73.1721714
72.31297717
73.31439149
71.05357916
68.92024376
68.41458584
69.7714523
71.637591
74.95368941
72.40894665
70.8578389
66.82273399
69.57210488
71.87952884
73.8805342
68.56667477
69.17168656
70.36610611
74.53559925
72.36097782
71.29749879
75.18495712
67.23714251
65.98610965
75.23112536
72.69609496
68.66788025
64.87166819
68.46531969
66.77075208
75.96600117
69.12147118
69.27200814
72.12065508
67.39188873
66.66666667
68.86984504
67.90516262
70.01983846
67.64901248
70.75976572
68.56667477
69.92058988
64.11794687
67.08203932
64.87166819
65.88078459
65.66962768
72.60050505
68.36381434
69.17168656
73.26701547
69.22186552
66.51023313
68.05838996
60.38073644
70.11894656
63.13565642
61.57651067
66.92657668
69.67184989
66.77075208
67.90516262
66.03870919
67.64901248
68.92024376
69.32211448
65.88078459
74.06828681
62.19369386
64.60349148
69.12147118
70.11894656
62.47221605
63.90096504
69.87091272
72.40894665
68.86984504
62.80481227
61.46362972
61.96997481
56.02578771
69.72166888
66.45800679
61.46362972
60.78194176
64.97862897
56.70341945
60.38073644
61.18051614
58.09475019
61.46362972
60.32320357
56.70341945
62.13783961
57.06964556
58.80759588
56.82575707
59.3366104
58.27377912
59.04329861
57.25188012
57.25188012
61.63287362
57.37304826
63.025568
57.49396104
57.97509044
60.72478901
58.27377912
58.03495115
64.60349148
64.54972244
66.66666667
58.9255651
58.86661004
59.27806415
64.28020259
62.30525214
59.80291706
58.15448774
59.45352994
63.62869723
63.025568
62.41661104
60.66758241
55.02524673
60.95307849
47.798768
51.9748871
51.57249482
54.00617249
51.03103631
50.89477162
52.17491947
45.49114688
48.94725052
54.83561292
49.86091767
47.4341649
55.08831294
64.17207769
45.10789534
51.84110338
51.84110338
45.56741038
52.24142673
56.70341945
50.62114183
53.42440142
54.32668671
52.90190083
55.90169944
51.30247991
49.37104415
43.30127019
54.64532104
41.91592113
53.55423004
50.62114183
59.45352994
47.50730938
53.16379303
54.32668671
50.48377077
58.3928268
44.48782605
57.06964556
45.18480571
46.54746681
44.87637339
41.49966533
47.50730938
43.46134937
50.62114183
46.24812309
47.87135539
39.70376417
42.4100355
45.03085362
37.73077141
48.94725052
48.08846015
46.17298392
47.36090746
38.09709817
46.32314037
43.62084109
40.31128874
49.44132325
45.10789534
50.68968775
47.06673749
37.26779962
36.41962231
49.6515637
44.40970865
40.65436973
45.87119648
48.94725052
43.54116826
36.51483717
48.44813951
41.66666667
43.93808775
46.39803636
44.95367986
42.24597285
33.64438206
37.17451337
37.82268573
39.87828705
38.72983346
47.06673749
52.90190083
40.99457959
39.17553091
47.21405158
37.26779962
33.01935459
31.95048252
35.93976442
36.98723504
41.24789557
32.16709844
32.59601203
24.86072315
37.63863264
20.74983266
40.73968854
40.31128874
46.69641909
30.39097088
28.38231061
33.33333333
36.89323937
36.41962231
41.41591213
39.44053189
23.42244887
24.72066162
32.38226538
37.73077141
30.39097088
31.0689198
32.80836614
34.56073559
34.35921355
32.48931448
35.45341231
37.26779962
26.35231383
34.15650255
37.91437722
40.73968854
36.03624718
36.51483717
33.64438206
45.79543888
36.89323937
40.31128874
45.10789534
48.08846015
47.65326152
44.79893352
33.01935459
45.10789534
35.35533906
29.10708199
43.85899122
29.8142397
36.13247231
35.74601765
34.35921355
34.05469457
38.9087251
29.8142397
31.18047822
29.93047499
38.09709817
44.40970865
41.83300133
34.15650255
37.08099244
33.43733775
30.73181486
34.05469457
34.15650255
37.17451337
36.98723504
51.90803834
36.98723504
43.22100827
35.64874939
39.52847075
46.09772229
35.84302195
51.37011669
33.2290034
44.72135955
49.93050726
40.82482905
35.64874939
49.5815826
51.84110338
52.90190083
54.77225575
50.34602489
53.22906474
49.79123082
54.1346059
57.130455
54.07042733
49.01813723
41.41591213
37.36085295
42.97932319
47.94383288
38.99786319
45.87119648
52.83622495
43.06003561
43.06003561
43.77975179
59.80291706
46.99290727
43.70036867
39.52847075
41.33198923
35.84302195
42.08127058
45.56741038
50.48377077
41.49966533
48.59126579
42.24597285
37.54626775
46.62200244
32.05897344
53.35936865
48.66267107
50.2079011
52.17491947
47.28753653
42.32808366
41.41591213
47.28753653
45.10789534
56.39641439
37.36085295
43.85899122
47.87135539
44.48782605
41.58324983
49.08892158
33.54101966
37.26779962
49.44132325
34.15650255
37.73077141
41.58324983
45.64354646
43.70036867
45.10789534
52.30784942
41.99867723
41.33198923
42.24597285
48.01620097
45.49114688
47.21405158
40.65436973
58.3928268
51.5051238
49.51150259
49.79123082
45.79543888
51.43766454
47.798768
50.48377077
60.32320357
55.52777083
52.57270099
54.51809078
47.87135539
47.72607021
60.66758241
56.64215156
56.58081732
65.61673228
53.61902647
57.37304826
49.44132325
55.83955189
57.91516785
65.61673228
42.08127058
53.87743292
52.17491947
51.90803834
51.09903239
58.15448774
52.24142673
61.12373607
65.66962768
53.29425652
45.10789534
48.80516821
49.23018496
58.80759588
61.18051614
50.34602489
52.17491947
62.74950199
53.09844107
58.74852244
53.68374469
50.27701043
49.23018496
58.21416399
49.5815826
51.30247991
52.83622495
54.64532104
50.48377077
62.19369386
58.33333333
59.3366104
64.54972244
58.33333333
64.11794687
63.51946333
59.39509894
61.46362972
61.18051614
62.41661104
57.55432217
55.52777083
58.15448774
55.21422924
65.82805886
64.22616289
64.22616289
60.78194176
63.1906287
63.51946333
60.66758241
68.51601597
59.57022
62.08193511
63.30043005
66.51023313
61.35054106
63.46477588
63.84660436
68.36381434
63.30043005
62.13783961
69.52217872
61.74544518
61.63287362
66.87467549
63.35525936
65.4047229
62.13783961
62.69414291
63.90096504
64.97862897
63.73774392
68.36381434
70.71067812
56.58081732
58.98446123
66.97843766
71.637591
69.7714523
70.90682462
69.92058988
66.56241849
62.58327785
66.14378278
65.13874082
70.95577652
67.75158875
60.89608635
71.10243003
65.19202405
69.07121928
69.92058988
62.63873491
70.61240055
69.87091272
63.68324392
75.09253551
73.59800722
63.95527951
67.39188873
70.8578389
69.07121928
70.3167437
66.77075208
71.83120647
65.35161309
67.85400995
75.27726527
70.16844812
67.90516262
58.09475019
68.00735254
69.72166888
64.44204976
71.05357916
71.68604389
70.36610611
78.35106182
71.34618264
69.12147118
73.07720423
67.39188873
70.16844812
65.98610965
71.05357916
76.46713165
72.64831573
74.0213933
72.60050505
71.15124735
76.01169501
77.68347458
75.41551564
76.42171012
66.30108094
72.88689869
76.37626158
82.03149802
70.3167437
80.45012257
81.43675119
80.57949836
75.46154282
78.57233044
78.7488977
75.92027983
78.57233044
71.87952884
82.5378701
65.93346815
76.14861201
74.58216945
75.73711845
75.41551564
73.21960879
71.4920353
78.79297769
79.36378967
79.40752833
76.37626158
83.0829572
75.09253551
73.36173692
79.36378967
74.48899993
79.0569415
77.95119556
82.41156877
76.55789385
72.79155934
82.36942529
84.6151418
77.54926749
80.96638534
82.15838363
75.7829503
83.12473893
82.57992761
77.41482775
78.43964417
80.10409894
79.40752833
74.44237145
75.50754193
76.8747177
86.32142775
77.99572638
75.27726527
74.16198487
76.01169501
80.45012257
75.73711845
85.79691784
83.37498959
72.12065508
76.14861201
73.1721714
82.83182427
83.49983367
85.59432743
80.96638534
78.9690516
75.7829503
78.92506995
81.60712115
78.57233044
81.43675119
70.95577652
82.15838363
80.88057039
80.70866675
81.26602406
79.23242883
85.63488386
81.00925873
82.49579114
85.39125638
81.86201127
83.24995829
80.53639619
79.62586124
83.58295945
76.73909622
77.95119556
80.92348924
81.13774296
80.45012257
79.66945602
73.21960879
73.36173692
84.77912479
74.62871059
77.19024118
72.40894665
82.74794392
77.28015413
79.36378967
81.86201127
80.10409894
77.8174502
78.04023179
80.70866675
74.34902674
81.56456202
76.82953714
77.50448016
79.75657409
78.83703304
82.03149802
77.05517504
77.19024118
77.86205751
80.62257748
77.7728173
72.40894665
83.0829572
76.01169501
77.54926749
77.19024118
82.8737326
77.63876466
77.7728173
78.26237921
75.13876053
73.73940602
76.33078598
77.10022337
77.7728173
76.51252621
80.40695105
70.71067812
71.97607627
77.54926749
73.07720423
80.06074083
